,D,pos,vel,des_vel,normals,dists,controller: [obstacle aware]
0,"[[76.36935787 54.58602566 36.28216124]
 [54.58602566 90.62521813 26.75601027]
 [36.28216124 26.75601027 39.25439705]]",[0.43087309 0.45597224 0.28314652],[0.00073159 0.00109582 0.00110038],[-0.00478592 -0.19743145  0.04336097],"[[0.63643519]
 [0.68399477]
 [0.35651283]]",[4.07741224],True
1,"[[77.96232813 56.2956197  37.17393051]
 [56.2956197  92.46025727 27.71310502]
 [37.17393051 27.71310502 39.75358814]]",[0.43088374 0.45596909 0.28314959],[ 0.00223572 -0.00124682  0.00070619],[-0.00478846 -0.19743183  0.0433597 ],"[[0.63644848]
 [0.68398139]
 [0.35651478]]",[4.07746947],
2,"[[78.28245448 56.6070817  37.33484894]
 [56.6070817  92.77155429 27.86649084]
 [37.33484894 27.86649084 39.8333914 ]]",[0.43091344 0.45583136 0.28305921],[ 0.00210042 -0.02209998 -0.01607725],[-0.00479045 -0.19743854  0.04338364],"[[0.63663444]
 [0.68385973]
 [0.35641613]]",[4.07639437],
3,"[[78.37283718 56.61585186 37.3436004 ]
 [56.61585186 92.72344324 27.82081581]
 [37.3436004  27.82081581 39.81548338]]",[0.43091257 0.45538075 0.28281141],[ 0.0006858  -0.05253633 -0.0287328 ],[-0.00477848 -0.19746358  0.04345895],"[[0.63711208]
 [0.6835199 ]
 [0.35621447]]",[4.07242514],
4,"[[78.46357691 56.61246913 37.37344352]
 [56.61246913 92.65681424 27.78811011]
 [37.37344352 27.78811011 39.82196051]]",[0.43088469 0.45482793 0.28266785],[ 0.00034414 -0.05697143 -0.00750995],[-0.0047679  -0.19750307  0.04351933],"[[0.63759932]
 [0.68305002]
 [0.35624397]]",[4.06795863],
5,"[[78.52719966 56.5842559  37.44132077]
 [56.5842559  92.56358836 27.7974021 ]
 [37.44132077 27.7974021  39.88023011]]",[0.43091497 0.45432058 0.28286726],[ 0.00616605 -0.05074982  0.02317164],[-0.00479109 -0.19755671  0.04350031],"[[0.6379668 ]
 [0.68241854]
 [0.35679588]]",[4.06539891],
6,"[[78.61460283 56.55873015 37.51073759]
 [56.55873015 92.45686126 27.7946993 ]
 [37.51073759 27.7946993  39.93276853]]",[0.43097201 0.45372308 0.28301361],[ 0.00415996 -0.06065468  0.01170248],[-0.00481774 -0.19761517  0.04349501],"[[0.63846179]
 [0.68169661]
 [0.35729019]]",[4.06221011],
7,"[[78.69248037 56.5500654  37.54666921]
 [56.5500654  92.38728562 27.77449288]
 [37.54666921 27.77449288 39.94988913]]",[0.43099697 0.45325877 0.28297966],[ 0.00440137 -0.07667808 -0.00219612],[-0.00482508 -0.19765297  0.04352368],"[[0.63888875]
 [0.68121893]
 [0.35743802]]",[4.05908414],
8,"[[79.06636843 56.50565074 37.71911519]
 [56.50565074 92.0568695  27.67436557]
 [37.71911519 27.67436557 40.03257419]]",[0.43103679 0.45095699 0.28276983],[ 0.00155452 -0.09138417  0.00707103],[-0.0048413  -0.19783994  0.04368057],"[[0.64093266]
 [0.67892704]
 [0.35813881]]",[4.04293437],
9,"[[79.18459615 56.47573952 37.7998591 ]
 [56.47573952 91.92953925 27.65829593]
 [37.7998591  27.65829593 40.08909986]]",[0.43101559 0.45010482 0.28283261],[-0.00205753 -0.09591828  0.00488072],[-0.00484858 -0.19791739  0.04371116],"[[0.64158886]
 [0.67803788]
 [0.35864797]]",[4.0372417],
10,"[[79.31750925 56.44352131 37.88724581]
 [56.44352131 91.78967371 27.63761106]
 [37.88724581 27.63761106 40.14878224]]",[0.43098754 0.44915566 0.28288124],[-0.00210211 -0.095081    0.00232701],[-0.00485462 -0.19800292  0.04374999],"[[0.64232472]
 [0.67705764]
 [0.35918227]]",[4.0308051],
11,"[[79.48084762 56.41784903 37.97025394]
 [56.41784903 91.63727481 27.59801933]
 [37.97025394 27.59801933 40.19369292]]",[0.43101338 0.44813447 0.28283977],[ 0.00538614 -0.10473026 -0.00094736],[-0.00486787 -0.19809001  0.04380757],"[[0.64322156]
 [0.67599601]
 [0.35957673]]",[4.02391348],
12,"[[79.66265543 56.39115798 38.0590177 ]
 [56.39115798 91.46874108 27.55258016]
 [38.0590177  27.55258016 40.23924322]]",[0.43108471 0.44705247 0.28279967],[ 0.0091846  -0.10736704 -0.00195123],[-0.00489227 -0.19818264  0.04386434],"[[0.64422051]
 [0.67482813]
 [0.35998186]]",[4.01692046],
13,"[[79.8388535  56.36040782 38.15249247]
 [56.36040782 91.29835979 27.51299413]
 [38.15249247 27.51299413 40.29194839]]",[0.43115531 0.44598018 0.28280427],[ 0.00931684 -0.10669558  0.00337964],[-0.00491964 -0.19827722  0.04391089],"[[0.64519161]
 [0.67364537]
 [0.36045762]]",[4.01016235],
14,"[[80.01712026 56.33176123 38.24105751]
 [56.33176123 91.13302498 27.46806604]
 [38.24105751 27.46806604 40.33855647]]",[0.43119786 0.4448915  0.2827581 ],[ 0.00460479 -0.10781179 -0.00444861],[-0.0049381  -0.19837125  0.04397114],"[[0.64616863]
 [0.67248766]
 [0.36086902]]",[4.0029431],
15,"[[80.20961801 56.30701975 38.32457927]
 [56.30701975 90.96613352 27.41155774]
 [38.32457927 27.41155774 40.37503605]]",[0.43123604 0.44375428 0.28263644],[ 0.0023501  -0.11329251 -0.01381719],[-0.00495167 -0.19846614  0.04405028],"[[0.64721643]
 [0.67131263]
 [0.36117898]]",[3.99510979],
16,"[[80.41100932 56.27957453 38.41368676]
 [56.27957453 90.78930214 27.35366027]
 [38.41368676 27.35366027 40.41512938]]",[0.43128829 0.44257235 0.28252748],[ 0.00693618 -0.11914082 -0.00841343],[-0.00497012 -0.19856613  0.04412768],"[[0.64831315]
 [0.67006711]
 [0.36152472]]",[3.98712743],
17,"[[80.70305793 56.23006417 38.5592681 ]
 [56.23006417 90.51299223 27.28193584]
 [38.5592681  27.28193584 40.49146368]]",[0.43145643 0.44088958 0.28251841],[ 0.01464569 -0.1190308   0.00223226],[-0.00502762 -0.19871636  0.04419875],"[[0.6499154 ]
 [0.66813693]
 [0.36221957]]",[3.97692661],
18,"[[80.83124437 56.20672014 38.62530588]
 [56.20672014 90.38910597 27.25190114]
 [38.62530588 27.25190114 40.5273416 ]]",[0.43154276 0.44015621 0.28253437],[ 0.01347272 -0.11999625  0.00294276],[-0.00505725 -0.19878309  0.04422423],"[[0.65061974]
 [0.66727167]
 [0.36254996]]",[3.97264903],
19,"[[81.04732405 56.17014945 38.73013091]
 [56.17014945 90.18754638 27.1963569 ]
 [38.73013091 27.1963569  40.58054243]]",[0.43166404 0.43892275 0.28251122],[ 0.01164448 -0.12271251 -0.00461441],[-0.00509895 -0.19889335  0.04427956],"[[0.65180129]
 [0.66585459]
 [0.3630327 ]]",[3.96513303],
20,"[[ 18.44788514   5.79140313   5.67337018]
 [  5.79140313 158.85634879  10.64827689]
 [  5.67337018  10.64827689  29.20854458]]",[0.43177999 0.43693506 0.28241124],[ 0.00712855 -0.12093593 -0.00247716],[0.07691674 0.15688286 0.17880599],"[[0.04405788]
 [0.99557806]
 [0.08296526]]",[2.12862329],
21,"[[ 16.28318406   4.9770282   -1.65682551]
 [  4.9770282  159.40495912  -7.23240084]
 [ -1.65682551  -7.23240084  34.25798735]]",[0.43187968 0.43581768 0.2823578 ],[ 0.01463163 -0.12569817 -0.00647811],[-0.00936771  0.16794543  0.18495021],"[[ 0.0352182 ]
 [ 0.99770391]
 [-0.05784976]]",[1.45930437],
22,"[[ 16.27891407   4.98023022  -1.62912459]
 [  4.98023022 159.40199634  -7.25676603]
 [ -1.62912459  -7.25676603  34.26553375]]",[0.43203817 0.43457993 0.28239191],[ 0.01328992 -0.09882344  0.01369755],[-0.00905026  0.16796922  0.18494441],"[[ 0.03522997]
 [ 0.99769254]
 [-0.05803831]]",[1.4469914],
23,"[[ 16.27590964   4.96605584  -1.60510695]
 [  4.96605584 159.43224227  -7.00361608]
 [ -1.60510695  -7.00361608  34.20037932]]",[0.43209611 0.43436546 0.28295184],[0.0090333  0.00076921 0.05873007],[-0.00894166  0.16777401  0.18512679],"[[ 0.03510255]
 [ 0.99781357]
 [-0.05599895]]",[1.44455261],
24,"[[18.39926667 -0.50269891 -9.42921033]
 [-0.50269891 16.10532643  1.97562607]
 [-9.42921033  1.97562607 53.05715933]]",[0.43212248 0.43552165 0.28411622],[-4.89328458e-05  1.29936346e-01  1.14059984e-01],[-0.04408748 -0.0221304   0.17043889],"[[ 0.03437608]
 [ 0.99841858]
 [-0.04448162]]",[1.47918258],
25,"[[18.41084477 -0.45536344 -9.37127899]
 [-0.45536344 16.08600963  1.77005914]
 [-9.37127899  1.77005914 52.42742615]]",[0.43214832 0.43704459 0.28532689],[0.00280776 0.17079665 0.13663438],[-0.04398585 -0.02501732  0.16790508],"[[ 0.0340771 ]
 [ 0.99862808]
 [-0.03975809]]",[1.49388847],
26,"[[16.7547875   0.06906398 -2.37544052]
 [ 0.06906398 16.00631944 -0.21735571]
 [-2.37544052 -0.21735571 23.47590242]]",[0.43234682 0.44061189 0.28859224],[-0.0037705   0.11110561  0.1145455 ],[-0.02890136 -0.12997582  0.07767226],"[[0.02164203]
 [0.99912011]
 [0.03592527]]",[1.84354484],
27,"[[16.12740834  0.09700899 -0.96345484]
 [ 0.09700899 16.07386286 -0.73357665]
 [-0.96345484 -0.73357665 23.28559222]]",[0.43168538 0.44214886 0.29029761],[-0.05289828  0.07980253  0.09539475],[-0.01779987 -0.14244504  0.07017367],"[[0.04909322]
 [0.99310148]
 [0.10648622]]",[2.19997155],
28,"[[ 1.60004988e+01 -8.74680799e-03  6.01822581e-02]
 [-8.74680799e-03  1.61533694e+01 -1.05525562e+00]
 [ 6.01822581e-02 -1.05525562e+00  2.32606677e+01]]",[0.43074849 0.44304395 0.29146832],[-0.04874908  0.03725307  0.06508191],[-0.01425036 -0.14808652  0.06652515],"[[0.10859763]
 [0.98387777]
 [0.14209532]]",[2.36072551],
29,"[[ 17.74937417  15.60323727   2.12628675]
 [ 15.60323727 155.39963871  17.70362605]
 [  2.12628675  17.70362605  25.52396232]]",[0.43031659 0.44316893 0.29242465],[-0.01190335 -0.00431643  0.04765777],[-0.01485101 -0.14782104  0.06645084],"[[0.11039861]
 [0.98509562]
 [0.13190437]]",[2.38371122],
30,"[[ 1.60005550e+01 -2.66908619e-04  3.05789197e-02]
 [-2.66908619e-04  1.61644396e+01 -9.53456592e-01]
 [ 3.05789197e-02 -9.53456592e-01  2.30482103e+01]]",[0.43018922 0.44313824 0.29297443],[-0.01535651  0.00590042  0.04184685],[-0.01487459 -0.14792203  0.06639231],"[[0.1100344 ]
 [0.98493119]
 [0.1334278 ]]",[2.38399787],
31,"[[ 16.79285791  10.22435427   2.13330785]
 [ 10.22435427 156.93221229  17.01796473]
 [  2.13330785  17.01796473  33.85970041]]",[0.42994074 0.44317789 0.29326369],[-0.02410267 -0.0024599   0.01804058],[-0.0021356  -0.11564262  0.09602231],"[[0.07256078]
 [0.98824595]
 [0.13455437]]",[2.27424391],
32,"[[ 16.45626711   7.78579229   1.6159017 ]
 [  7.78579229 157.33773645  16.57849592]
 [  1.6159017   16.57849592  35.97964273]]",[0.42945495 0.44300609 0.29339133],[-0.00897928 -0.01077495  0.00562144],[-0.00150283 -0.10872045  0.10239512],"[[0.05517186]
 [0.98957905]
 [0.13300143]]",[2.15718731],
33,"[[ 16.37195319   7.17096595   0.53652088]
 [  7.17096595 157.37834736  17.05091082]
 [  0.53652088  17.05091082  31.15699371]]",[0.4298081  0.44227984 0.2932173 ],[ 0.03213385 -0.06487992 -0.02024984],[-0.00889113 -0.1241011   0.08863379],"[[0.04992296]
 [0.9900934 ]
 [0.13123552]]",[2.10943514],
34,"[[ 16.58034898   8.38873856   0.17725163]
 [  8.38873856 157.37360522  16.89033928]
 [  0.17725163  16.89033928  26.25915881]]",[0.43073679 0.44039827 0.29269551],[ 0.04103658 -0.09472099 -0.0307486 ],[-0.01735471 -0.14237184  0.07196551],"[[0.05808606]
 [0.99043468]
 [0.12516052]]",[2.11561129],
35,"[[ 16.60999982   8.69397304   0.24185302]
 [  8.69397304 157.35616693  16.80637891]
 [  0.24185302  16.80637891  26.32591671]]",[0.43136526 0.43887041 0.29232833],[ 0.05040154 -0.10757726 -0.0161621 ],[-0.01723783 -0.1420881   0.07249226],"[[0.06025812]
 [0.99037242]
 [0.12462511]]",[2.10039258],
36,"[[ 16.49333147   7.72647217   0.18601996]
 [  7.72647217 157.29556568  17.46785902]
 [  0.18601996  17.46785902  26.51298205]]",[0.43250418 0.4367329  0.29198685],[ 0.07819075 -0.13988656 -0.0240585 ],[-0.01607921 -0.1429626   0.07204948],"[[0.05347651]
 [0.9901181 ]
 [0.12963951]]",[2.13027633],
37,"[[ 16.25720738   5.91670252   0.93951319]
 [  5.91670252 158.32145629  13.6369611 ]
 [  0.93951319  13.6369611   29.66446397]]",[0.4334203  0.43511731 0.29177695],[ 0.08465992 -0.14518969 -0.01178083],[-0.00211171 -0.12492393  0.09024349],"[[0.04158308]
 [0.99367953]
 [0.10426809]]",[2.21716932],
38,"[[ 16.29500333   6.29022656   1.06215702]
 [  6.29022656 158.29535884  13.59158536]
 [  1.06215702  13.59158536  29.86110107]]",[0.43427653 0.43362174 0.29170073],[ 0.07024709 -0.12522017 -0.00743695],[-0.00171826 -0.1244187   0.09109817],"[[0.04426036]
 [0.9935784 ]
 [0.10412964]]",[2.20259696],
39,"[[ 16.85313064  10.83193639   0.51884936]
 [ 10.83193639 157.95639601  12.81177085]
 [  0.51884936  12.81177085  25.06697393]]",[0.43486599 0.43258431 0.29171504],[ 0.05389122 -0.09634651  0.00042412],[-0.01564961 -0.13933977  0.07394368],"[[0.07545712]
 [0.99265705]
 [0.09454205]]",[2.05360547],
40,"[[ 16.61193415   8.80484437   0.22007172]
 [  8.80484437 157.70466787  15.32463241]
 [  0.22007172  15.32463241  25.92347616]]",[0.43582772 0.43132287 0.29188745],[ 0.06748868 -0.07685367  0.01170668],[-0.01656577 -0.14041751  0.07334354],"[[0.06106804]
 [0.9916657 ]
 [0.1134453 ]]",[2.05524277],
41,"[[ 16.63432574   8.89222423   0.22621184]
 [  8.89222423 157.4533748   16.31432218]
 [  0.22621184  16.31432218  26.36380947]]",[0.43767794 0.42942103 0.29206091],[ 0.09763626 -0.09988308  0.00409319],[-0.01733104 -0.1409476   0.07362786],"[[0.06164084]
 [0.99073035]
 [0.12105282]]",[2.05738664],
42,"[[ 16.68463157   9.32282934   0.30627084]
 [  9.32282934 157.3746895   16.39691534]
 [  0.30627084  16.39691534  26.50125258]]",[0.43919773 0.42773107 0.29194405],[ 0.07946788 -0.0946132  -0.01229581],[-0.01747559 -0.14106851  0.07432568],"[[0.06468984]
 [0.99044443]
 [0.12179924]]",[2.05750155],
43,"[[ 17.19960895  12.88263457   1.20418115]
 [ 12.88263457 156.48709577  17.55839817]
 [  1.20418115  17.55839817  27.21103101]]",[0.44081391 0.42587263 0.29168707],[ 0.09188442 -0.10269513 -0.01389534],[-0.01713933 -0.14129657  0.07524393],"[[0.09016955]
 [0.98722588]
 [0.13135643]]",[2.02162097],
44,"[[ 17.35577556  13.74008913   1.40602126]
 [ 13.74008913 156.3282563   17.51405718]
 [  1.40602126  17.51405718  27.33171378]]",[0.44261486 0.42379831 0.29140871],[ 0.11920375 -0.14121196 -0.01830946],[-0.01696317 -0.14099544  0.07591217],"[[0.09633265]
 [0.98665465]
 [0.13127306]]",[2.00246241],
45,"[[ 17.49869088  14.4683193    1.58021734]
 [ 14.4683193  156.18298346  17.48042492]
 [  1.58021734  17.48042492  27.44586764]]",[0.4441192  0.42192559 0.29117625],[ 0.10970447 -0.14239315 -0.0175144 ],[-0.01679807 -0.14072793  0.07652322],"[[0.10157848]
 [0.98613068]
 [0.13125581]]",[1.98517336],
46,"[[ 17.48924271  14.46259405   1.70930743]
 [ 14.46259405 156.45626604  16.38613399]
 [  1.70930743  16.38613399  27.88930109]]",[0.44536636 0.42023965 0.29102672],[ 0.08281077 -0.11324405 -0.00877276],[-0.01394793 -0.13753082  0.0805394 ],"[[0.1016586 ]
 [0.98709271]
 [0.12374773]]",[2.01516116],
47,"[[ 17.6197787   15.07099465   1.86379384]
 [ 15.07099465 156.31104612  16.42446685]
 [  1.86379384  16.42446685  28.01558523]]",[0.44662782 0.41865565 0.29101592],[ 8.67270709e-02 -1.03497735e-01  3.50210841e-05],[-0.01379643 -0.13736968  0.08104244],"[[0.1060549 ]
 [0.98656463]
 [0.12426818]]",[2.00082643],
48,"[[ 18.52755041  18.68039341   2.82260677]
 [ 18.68039341 154.97211519  18.00140733]
 [  2.82260677  18.00140733  28.13130029]]",[0.44857464 0.41645305 0.29098486],[ 0.11818274 -0.13232657 -0.00321963],[-0.01493576 -0.14071191  0.07854278],"[[0.13235787]
 [0.98170997]
 [0.13684639]]",[1.93234687],
49,"[[ 18.91822428  19.99383668   3.17525846]
 [ 19.99383668 154.57968288  18.00426169]
 [  3.17525846  18.00426169  28.27722371]]",[0.45076409 0.4139621  0.29093276],[ 0.10059937 -0.11449358 -0.00354526],[-0.01462116 -0.14059591  0.07917019],"[[0.14201609]
 [0.98028039]
 [0.13741103]]",[1.91564501],
50,"[[ 19.02080053  20.32687801   3.24792461]
 [ 20.32687801 154.48412119  17.97698655]
 [  3.24792461  17.97698655  28.31269997]]",[0.45177823 0.41284863 0.29089693],[ 0.09392429 -0.10252527 -0.00379311],[-0.01466021 -0.14047466  0.07936779],"[[0.14445441]
 [0.97993452]
 [0.1373363 ]]",[1.90890631],
51,"[[ 19.1681      20.79286079   3.35453207]
 [ 20.79286079 154.34590708  17.94052361]
 [  3.35453207  17.94052361  28.39678342]]",[0.45327328 0.41121304 0.29082155],[ 0.11238441 -0.12515984 -0.00834884],[-0.01467337 -0.14023982  0.07980437],"[[0.14787633]
 [0.97943074]
 [0.1372881 ]]",[1.8954436],
52,"[[ 19.02598062  20.04269472   3.78915155]
 [ 20.04269472 154.6801257   17.30661874]
 [  3.78915155  17.30661874  30.98662714]]",[0.45606905 0.40793996 0.29063609],[ 0.11164433 -0.13746279 -0.01027337],[-0.00818779 -0.13086899  0.09049226],"[[0.1430298 ]
 [0.9803695 ]
 [0.13571339]]",[1.88484575],
53,"[[ 20.02062999  22.8579111    4.84113859]
 [ 22.8579111  153.24052128  18.87307223]
 [  4.84113859  18.87307223  32.09216088]]",[0.45757607 0.40607038 0.29055016],[ 0.08708747 -0.10704068 -0.00482053],[-0.00806334 -0.13070025  0.09097979],"[[0.16438843]
 [0.97491269]
 [0.15007231]]",[1.79217419],
54,"[[ 20.25530779  23.70126254   4.59256201]
 [ 23.70126254 153.02256932  18.81044303]
 [  4.59256201  18.81044303  30.1010036 ]]",[0.45917307 0.40425568 0.29057841],[ 0.10100923 -0.1129741  -0.00285631],[-0.01171099 -0.13705345  0.08438842],"[[0.17009429]
 [0.97438484]
 [0.1471126 ]]",[1.77767489],
55,"[[ 20.74296142  25.06504317   4.4621954 ]
 [ 25.06504317 152.98366503  17.308529  ]
 [  4.4621954   17.308529    28.89769406]]",[0.46141512 0.40170172 0.2905866 ],[ 0.11597741 -0.13617336  0.00141028],[-0.01320994 -0.13870554  0.0831224 ],"[[0.17970978]
 [0.97444475]
 [0.13476579]]",[1.79656781],
56,"[[ 21.16745724  26.06358719   4.76138322]
 [ 26.06358719 152.56083226  17.35153857]
 [  4.76138322  17.35153857  29.0920446 ]]",[0.46333578 0.39939694 0.29062994],[ 0.09701336 -0.11759669  0.00397323],[-0.01293791 -0.13856837  0.08384409],"[[0.18729803]
 [0.97287583]
 [0.13576478]]",[1.77770987],
57,"[[ 21.45868324  26.71999341   4.96378414]
 [ 26.71999341 152.2688491   17.39054668]
 [  4.96378414  17.39054668  29.22593585]]",[0.46459358 0.39787667 0.29068963],[ 0.09956716 -0.1179376   0.00571041],[-0.01275794 -0.13849279  0.0843172 ],"[[0.19231734]
 [0.97178889]
 [0.13652984]]",[1.76539642],
58,"[[ 21.98165402  27.84892654   5.30621398]
 [ 27.84892654 151.76188853  17.40650101]
 [  5.30621398  17.40650101  29.43062132]]",[0.46675471 0.39533697 0.29068713],[ 0.12878507 -0.15308878 -0.00268564],[-0.01244014 -0.13835376  0.08511577],"[[0.20098857]
 [0.96990013]
 [0.13746758]]",[1.74498592],
59,"[[ 22.49866633  28.90707854   5.62985442]
 [ 28.90707854 151.27059727  17.39553035]
 [  5.62985442  17.39553035  29.62132753]]",[0.46875277 0.39288489 0.29062836],[ 0.1170096  -0.14733181 -0.00320617],[-0.01211789 -0.13820947  0.08590594],"[[0.20917555]
 [0.96806398]
 [0.13819449]]",[1.72524204],
60,"[[ 22.8294718   29.55676751   5.83557469]
 [ 29.55676751 150.95233513  17.40473917]
 [  5.83557469  17.40473917  29.74613703]]",[0.46997807 0.39137876 0.2906374 ],[ 0.09846695 -0.11995833 -0.00081555],[-0.01192125 -0.13814122  0.08638518],"[[0.21424053]
 [0.96686994]
 [0.13879309]]",[1.7132772],
61,"[[ 23.04983035  29.97906433   5.97067759]
 [ 29.97906433 150.73968776  17.41400842]
 [  5.97067759  17.41400842  29.82519996]]",[0.47078188 0.39043788 0.29065779],[ 0.090539   -0.10523     0.00328979],[-0.0117993  -0.13810962  0.08667737],"[[0.217547  ]
 [0.96607088]
 [0.13921335]]",[1.70594763],
62,"[[ 22.46792445  28.71794506   5.8738036 ]
 [ 28.71794506 151.18409169  17.89488938]
 [  5.8738036   17.89488938  30.06362493]]",[0.47241904 0.38849317 0.29064961],[ 0.10934202 -0.13402574 -0.00209364],[-0.01079761 -0.13877517  0.08706703],"[[0.20814462]
 [0.96763649]
 [0.14267251]]",[1.72018062],
63,"[[ 23.13202785  29.78147376   6.61800769]
 [ 29.78147376 150.65516836  17.70579687]
 [  6.61800769  17.70579687  31.71703237]]",[0.47390975 0.38659238 0.29056753],[ 0.11412662 -0.14645262 -0.00591212],[-0.00725298 -0.13404238  0.09333416],"[[0.21705145]
 [0.96541401]
 [0.14444531]]",[1.6973408],
64,"[[ 24.95368717  33.29150928   7.21751024]
 [ 33.29150928 148.79130082  17.89217229]
 [  7.21751024  17.89217229  30.69908911]]",[0.47650091 0.38328895 0.29044212],[ 0.09303427 -0.11283585 -0.00115307],[-0.01071542 -0.13841323  0.08924148],"[[0.24414188]
 [0.95864307]
 [0.14628129]]",[1.65199552],
65,"[[ 25.18506545  33.66585138   7.34414292]
 [ 33.66585138 148.57550501  17.88302501]
 [  7.34414292  17.88302501  30.76446403]]",[0.47721016 0.38245472 0.29043697],[ 1.02818504e-01 -1.20591370e-01  7.32899129e-05],[-0.01059887 -0.13839996  0.08950136],"[[0.24717119]
 [0.95782006]
 [0.14658492]]",[1.64573649],
66,"[[ 25.15693949  33.65382113   7.30270405]
 [ 33.65382113 148.5738856   17.92551217]
 [  7.30270405  17.92551217  30.76267206]]",[0.47811861 0.38135288 0.29041648],[ 0.1139977  -0.14066285 -0.00468182],[-0.01101997 -0.13848079  0.08946793],"[[0.24700352]
 [0.9578288 ]
 [0.14681026]]",[1.65179763],
67,"[[ 25.35721347  33.9912678    7.41751227]
 [ 33.9912678  148.34512376  18.01837597]
 [  7.41751227  18.01837597  30.86613558]]",[0.4792581  0.37987431 0.29036619],[ 0.12424896 -0.16471847 -0.0079433 ],[-0.01118193 -0.13850527  0.08967457],"[[0.249735  ]
 [0.95695687]
 [0.14787152]]",[1.64747542],
68,"[[ 23.7916072   30.3803596    7.63769357]
 [ 30.3803596  150.64826643  16.21992774]
 [  7.63769357  16.21992774  34.84330114]]",[0.4804643  0.37824784 0.29034637],[ 1.17576520e-01 -1.59566821e-01 -8.42974409e-06],[ 0.00067989 -0.12419168  0.10689459],"[[0.22299139]
 [0.9649088 ]
 [0.13865731]]",[1.67511325],
69,"[[ 25.21850779  32.79188374   8.47481633]
 [ 32.79188374 149.45154006  15.74247688]
 [  8.47481633  15.74247688  36.13714676]]",[0.48318971 0.37492417 0.29076008],[ 0.09264345 -0.09756419  0.01972677],[ 0.00202446 -0.12031079  0.11115525],"[[0.24233886]
 [0.96023717]
 [0.13862339]]",[1.59328248],
70,"[[ 25.77043852  34.42537975   7.65382812]
 [ 34.42537975 148.5716395   16.23105819]
 [  7.65382812  16.23105819  32.21832173]]",[0.48554548 0.37269543 0.29133976],[ 0.09983514 -0.09162979  0.0277582 ],[-0.00663648 -0.13149432  0.09773636],"[[0.25340309]
 [0.95763639]
 [0.13681895]]",[1.55752367],
71,"[[ 25.22020427  33.24539011   7.61588689]
 [ 33.24539011 149.33780127  15.81779099]
 [  7.61588689  15.81779099  32.35842506]]",[0.48702255 0.37115264 0.29181609],[ 0.07675381 -0.08504562  0.02160613],[-0.00351528 -0.13130848  0.09967961],"[[0.24444939]
 [0.96041381]
 [0.13360321]]",[1.58816734],
72,"[[ 26.77423177  35.65776019   8.38016782]
 [ 35.65776019 147.73871484  16.37515948]
 [  8.38016782  16.37515948  31.91752703]]",[0.48871453 0.36891021 0.29200711],[ 0.09241644 -0.13707967 -0.00453062],[-0.00412451 -0.13513965  0.09732011],"[[0.26419493]
 [0.95435678]
 [0.13929886]]",[1.56802236],
73,"[[ 28.16649969  37.78910628   8.79320773]
 [ 37.78910628 146.34476531  16.49193304]
 [  8.79320773  16.49193304  31.37981903]]",[0.49056046 0.36609917 0.29185358],[ 0.10158086 -0.15856723 -0.01231391],[-0.00598478 -0.13801043  0.09528286],"[[0.28147129]
 [0.94916175]
 [0.14094637]]",[1.54597239],
74,"[[ 28.85293708  38.89203007   8.79588355]
 [ 38.89203007 145.76805375  15.97830347]
 [  8.79588355  15.97830347  31.38365245]]",[0.49194822 0.3639908  0.29171376],[ 0.08012712 -0.11989963 -0.00565918],[-0.00732239 -0.13730935  0.09635879],"[[0.29007911]
 [0.947074  ]
 [0.13749526]]",[1.53378107],
75,"[[ 28.71572609  38.75147767   8.83047624]
 [ 38.75147767 145.7511468   16.33663069]
 [  8.83047624  16.33663069  31.72636183]]",[0.49328654 0.36219963 0.29175266],[ 0.08339806 -0.10766751  0.00497593],[-0.00788211 -0.13708703  0.09710905],"[[0.28897016]
 [0.94697243]
 [0.14049717]]",[1.52037874],
76,"[[ 30.2258146   40.47276756  10.17732803]
 [ 40.47276756 143.85626402  17.91854635]
 [ 10.17732803  17.91854635  32.86354985]]",[0.49595511 0.35843078 0.29172947],[ 0.08757665 -0.13470756 -0.00344111],[-0.00701372 -0.13824753  0.09769471],"[[0.30523123]
 [0.93927785]
 [0.15681523]]",[1.47859118],
77,"[[ 30.17702798  40.32070261  10.25465794]
 [ 40.32070261 143.94056989  17.94852105]
 [ 10.25465794  17.94852105  32.9020579 ]]",[0.49678373 0.35713062 0.29170568],[ 0.08188482 -0.12967946 -0.00156721],[-0.00612949 -0.13810984  0.09760863],"[[0.30422246]
 [0.93953656]
 [0.15722512]]",[1.46613105],
78,"[[ 30.45774802  40.63914439  10.17602572]
 [ 40.63914439 144.02325873  16.99559843]
 [ 10.17602572  16.99559843  32.93300564]]",[0.49785116 0.35548625 0.29165785],[ 0.08398587 -0.12715808 -0.00663112],[-0.00491835 -0.13603451  0.09940331],"[[0.30665815]
 [0.93988272]
 [0.15027058]]",[1.452749],
79,"[[ 30.84026299  41.01783081  10.33819778]
 [ 41.01783081 143.89216659  16.40376816]
 [ 10.33819778  16.40376816  33.40269296]]",[0.49897532 0.35387056 0.29160531],[ 0.10396197 -0.14972252 -0.00656783],[-0.00336201 -0.13382811  0.10203777],"[[0.31005951]
 [0.93927965]
 [0.14702668]]",[1.43785802],
80,"[[ 31.66339931  41.93460744  10.69172436]
 [ 41.93460744 143.20945071  16.1903757 ]
 [ 10.69172436  16.1903757   33.64581843]]",[0.50072304 0.35136363 0.29154665],[ 0.11402456 -0.16608101 -0.00290824],[-0.00269332 -0.13364978  0.10338667],"[[0.31826225]
 [0.9365465 ]
 [0.14693468]]",[1.41813341],
81,"[[ 32.35999609  42.71731924  11.02714677]
 [ 42.71731924 142.47740834  16.42145895]
 [ 11.02714677  16.42145895  33.67770758]]",[0.50199432 0.34952153 0.29155036],[ 0.10113124 -0.14475525  0.0025915 ],[-0.00297756 -0.13479908  0.10318562],"[[0.32540071]
 [0.93363898]
 [0.14977527]]",[1.40279165],
82,"[[ 33.62374057  44.17520709  11.03265491]
 [ 44.17520709 141.7842227   14.773642  ]
 [ 11.03265491  14.773642    33.92609076]]",[0.50374102 0.3472128  0.29176631],[ 0.08347688 -0.10812319  0.00788575],[-0.00202542 -0.13233481  0.1076036 ],"[[0.33755162]
 [0.93104119]
 [0.13864058]]",[1.41341421],
83,"[[ 34.4099283   44.98322402  11.55881733]
 [ 44.98322402 140.7624864   15.62245372]
 [ 11.55881733  15.62245372  33.9835852 ]]",[0.50484729 0.34584394 0.29192364],[ 0.09397667 -0.11758543  0.01242427],[-0.003007   -0.13478066  0.10641791],"[[0.34548573]
 [0.92690253]
 [0.14659914]]",[1.39984465],
84,"[[ 36.13245017  46.46331983  12.93123505]
 [ 46.46331983 138.541904    17.54409452]
 [ 12.93123505  17.54409452  34.18705549]]",[0.50661902 0.34337901 0.29207713],[ 0.09355353 -0.13861759  0.00818003],[-0.00375289 -0.13969173  0.10285582],"[[0.36145361]
 [0.91765393]
 [0.16511376]]",[1.37314729],
85,"[[ 37.0907173   47.5100619   12.49323075]
 [ 47.5100619  138.23812502  15.80400624]
 [ 12.49323075  15.80400624  33.40728704]]",[0.50819285 0.34092817 0.29216434],[ 0.07999421 -0.12519067  0.00303443],[-0.00362218 -0.13897552  0.10394601],"[[0.369727  ]
 [0.91679793]
 [0.15094206]]",[1.37980688],
86,"[[ 36.42991661  46.45618889  13.09445885]
 [ 46.45618889 138.88604329  16.32465199]
 [ 13.09445885  16.32465199  34.8830894 ]]",[0.50967265 0.33869008 0.29220319],[ 0.09237614 -0.13830053  0.00015653],[ 0.00068137 -0.13676957  0.10830807],"[[0.36210006]
 [0.91869166]
 [0.15776305]]",[1.36416646],
87,"[[ 37.72500512  47.51210628  13.5050363 ]
 [ 47.51210628 137.9650753   15.76958801]
 [ 13.5050363   15.76958801  34.88925551]]",[0.51060819 0.33728685 0.29219456],[ 0.10354079 -0.156105   -0.00094645],[ 0.00218686 -0.13660255  0.10914254],"[[0.37265665]
 [0.91484157]
 [0.15553753]]",[1.34793746],
88,"[[ 39.10838873  48.69447158  13.77798697]
 [ 48.69447158 136.84933049  15.39346124]
 [ 13.77798697  15.39346124  34.4150444 ]]",[0.51183803 0.33536375 0.29216513],[ 0.09982477 -0.1565397  -0.00067814],[ 0.00221538 -0.13810785  0.10809217],"[[0.384208  ]
 [0.91035648]
 [0.15373776]]",[1.33335647],
89,"[[ 41.35744384  50.82441634  13.83265008]
 [ 50.82441634 134.97600209  14.16154761]
 [ 13.83265008  14.16154761  34.29939194]]",[0.51378931 0.33240408 0.29230329],[ 0.08453361 -0.12426991  0.01050971],[ 0.00057021 -0.13694993  0.10979559],"[[0.40389474]
 [0.90304985]
 [0.1461848 ]]",[1.31421637],
90,"[[ 40.62284796  50.34607117  13.76373132]
 [ 50.34607117 135.30701787  14.91042393]
 [ 13.76373132  14.91042393  34.39271801]]",[0.51447444 0.33141304 0.2923912 ],[ 0.08512565 -0.12437095  0.00990433],[-0.00111153 -0.13787962  0.10902568],"[[0.39887187]
 [0.90447645]
 [0.15107478]]",[1.30652918],
91,"[[ 40.33199045  50.0293933   14.12341716]
 [ 50.0293933  135.22128307  15.9520555 ]
 [ 14.12341716  15.9520555   34.6703798 ]]",[0.51551873 0.32984605 0.29246983],[ 0.09611775 -0.14792261  0.0046967 ],[-0.00160298 -0.13950352  0.10806302],"[[0.39675358]
 [0.90391533]
 [0.15976131]]",[1.29187127],
92,"[[ 40.87018074  50.46352235  14.25078823]
 [ 50.46352235 134.7677988   15.79534865]
 [ 14.25078823  15.79534865  34.67981844]]",[0.51631754 0.32859088 0.29250075],[ 0.09838266 -0.15563274  0.00357343],[-0.00158222 -0.1394886   0.10829802],"[[0.40116506]
 [0.90204556]
 [0.15931227]]",[1.28582536],
93,"[[ 41.16208095  50.37238108  14.77016231]
 [ 50.37238108 134.57358508  16.15906735]
 [ 14.77016231  16.15906735  34.81071274]]",[0.5171602  0.32722241 0.29252556],[ 0.09229679 -0.14922055  0.00465911],[ 0.00070771 -0.14093641  0.10806614],"[[0.40217698]
 [0.90080432]
 [0.16372309]]",[1.28253245],
94,"[[ 44.05278895  52.59577376  15.06856996]
 [ 52.59577376 132.39576635  14.68101823]
 [ 15.06856996  14.68101823  34.44947324]]",[0.51863211 0.32489149 0.29265272],[ 0.0782293  -0.12087445  0.00520486],[ 0.00103615 -0.14048856  0.10924042],"[[0.42475774]
 [0.89189221]
 [0.15527117]]",[1.26931329],
95,"[[ 44.53036218  52.8207832   15.47384081]
 [ 52.8207832  131.89057474  14.9730529 ]
 [ 15.47384081  14.9730529   34.72500558]]",[0.51971394 0.32326305 0.29273839],[ 0.08891785 -0.13566642  0.0047502 ],[ 0.00153861 -0.14112221  0.10961557],"[[0.42824382]
 [0.88952694]
 [0.15921382]]",[1.25769995],
96,"[[ 45.84298374  53.64136702  16.02167933]
 [ 53.64136702 130.65483505  15.01121858]
 [ 16.02167933  15.01121858  35.02434251]]",[0.52188085 0.31972587 0.29273109],[ 0.09569923 -0.16225163 -0.00104959],[ 0.00173996 -0.14183722  0.11052617],"[[0.43821187]
 [0.88408534]
 [0.16236833]]",[1.23503907],
97,"[[ 47.84663106  54.93471214  16.48707416]
 [ 54.93471214 129.21184756  13.60196923]
 [ 16.48707416  13.60196923  36.4678299 ]]",[0.52387454 0.31627697 0.29276152],[ 0.0818182  -0.14232484  0.0036304 ],[ 0.00416934 -0.13712179  0.11821397],"[[0.4529502 ]
 [0.87758827]
 [0.15708258]]",[1.21723039],
98,"[[ 48.44112837  55.25364304  16.898065  ]
 [ 55.25364304 128.52332939  13.89551604]
 [ 16.898065    13.89551604  36.83365498]]",[0.52527452 0.31393063 0.29283085],[ 0.09188565 -0.15086743  0.00572357],[ 0.00403801 -0.13776369  0.1190168 ],"[[0.45753751]
 [0.87441516]
 [0.16142355]]",[1.19952229],
99,"[[ 51.29766224  56.61123605  18.57756028]
 [ 56.61123605 125.16397752  15.69426237]
 [ 18.57756028  15.69426237  36.60174094]]",[0.52728575 0.3106134  0.29294611],[ 0.09208855 -0.15511415  0.00717161],[ 0.00129245 -0.14432387  0.11305779],"[[0.47844717]
 [0.85919528]
 [0.18130578]]",[1.1694871],
100,"[[ 52.5206317   57.12949974  19.08984358]
 [ 57.12949974 124.06645007  15.68695942]
 [ 19.08984358  15.68695942  36.72508047]]",[0.52828056 0.30893859 0.29307053],[ 0.07957587 -0.13258876  0.01220629],[ 0.00175599 -0.14467886  0.11268304],"[[0.48662494]
 [0.85400753]
 [0.18403075]]",[1.15281494],
101,"[[ 52.58152489  57.18807804  18.80907201]
 [ 57.18807804 124.42846609  14.76247248]
 [ 18.80907201  14.76247248  36.93892323]]",[0.52881589 0.30805186 0.29316046],[ 0.07744894 -0.13076536  0.01076752],[ 0.00356584 -0.14189068  0.11531788],"[[0.4864863 ]
 [0.85557302]
 [0.17699121]]",[1.14636979],
102,"[[ 53.64409531  57.57964175  19.20785961]
 [ 57.57964175 123.98521843  13.51282845]
 [ 19.20785961  13.51282845  38.44433962]]",[0.53016946 0.30580859 0.29330553],[ 0.08884628 -0.15140982  0.00409694],[ 0.00785286 -0.13709394  0.12282007],"[[0.49287637]
 [0.85279136]
 [0.17268405]]",[1.13117444],
103,"[[ 55.27925015  58.30680235  19.6949474 ]
 [ 58.30680235 122.49336449  13.4129647 ]
 [ 19.6949474   13.4129647   38.42945485]]",[0.53221516 0.30223002 0.29333832],[ 0.09501559 -0.16824714  0.00210947],[ 0.00765846 -0.13869607  0.12290705],"[[0.50387286]
 [0.84587395]
 [0.17495543]]",[1.10708486],
104,"[[ 55.4406655   58.26182492  19.9890902 ]
 [ 58.26182492 122.2819401   13.72914959]
 [ 19.9890902   13.72914959  38.47657672]]",[0.53336422 0.30017795 0.29338743],[ 0.08728509 -0.15427182  0.00492085],[ 0.00796131 -0.14027633  0.12284282],"[[0.50474861]
 [0.84462167]
 [0.17844628]]",[1.09595125],
105,"[[ 56.54913438  58.76478932  20.28149677]
 [ 58.76478932 120.9913989   14.28929698]
 [ 20.28149677  14.28929698  37.64836897]]",[0.53446498 0.29829885 0.29350397],[ 0.08577657 -0.14453093  0.0112819 ],[ 0.0054209  -0.14429638  0.11860686],"[[0.51245537]
 [0.83900245]
 [0.18293272]]",[1.08335411],
106,"[[ 57.7957054   59.51810706  19.48410095]
 [ 59.51810706 120.44814845  12.88002711]
 [ 19.48410095  12.88002711  36.30491775]]",[0.53575196 0.29613016 0.29364678],[ 0.0926908  -0.1580106   0.00877246],[ 0.00512629 -0.14586707  0.11801269],"[[0.51986006]
 [0.83735186]
 [0.16907803]]",[1.09995975],
107,"[[ 60.12196879  60.13287136  20.75867712]
 [ 60.13287136 118.19703959  13.29392867]
 [ 20.75867712  13.29392867  36.87791017]]",[0.53750295 0.29302507 0.293837  ],[ 0.08454059 -0.1562919   0.01032553],[ 0.00581732 -0.14830567  0.118486  ],"[[0.53452008]
 [0.82591784]
 [0.17929864]]",[1.08212046],
108,"[[ 62.56963904  61.09243343  21.10253774]
 [ 61.09243343 116.27371864  12.02101883]
 [ 21.10253774  12.02101883  37.74894834]]",[0.53871071 0.29077897 0.29403635],[ 0.07179526 -0.13252048  0.01310871],[ 0.00714    -0.14554732  0.12377067],"[[0.54998307]
 [0.81658591]
 [0.17523148]]",[1.0757996],
109,"[[ 62.36753559  60.76074546  21.76061192]
 [ 60.76074546 116.03186024  13.37127065]
 [ 21.76061192  13.37127065  37.44934042]]",[0.53981214 0.28882912 0.29421985],[ 0.07972536 -0.14081398  0.00890593],[ 0.00593307 -0.14994807  0.1198143 ],"[[0.54872406]
 [0.81496889]
 [0.18635347]]",[1.05950638],
110,"[[ 63.90210172  61.20178852  22.08832463]
 [ 61.20178852 114.79035511  12.99027037]
 [ 22.08832463  12.99027037  37.44816976]]",[0.5412268  0.2862376  0.29431593],[ 0.08942258 -0.16821299  0.00212277],[ 0.00633828 -0.15057999  0.12026317],"[[0.55788125]
 [0.80874575]
 [0.18627619]]",[1.04723898],
111,"[[ 64.92252448  61.50742853  22.15579385]
 [ 61.50742853 114.05384636  12.56374518]
 [ 22.15579385  12.56374518  37.31668519]]",[0.54211402 0.28452079 0.2943416 ],[ 0.08979797 -0.17369923  0.00393429],[ 0.00672333 -0.1508621   0.12059631],"[[0.56377899]
 [0.80510864]
 [0.18426427]]",[1.04070791],
112,"[[ 65.1176174   61.41720031  22.43487886]
 [ 61.41720031 114.01351406  12.4812146 ]
 [ 22.43487886  12.4812146   37.6757581 ]]",[0.5431874  0.28243067 0.29439845],[ 0.0805782  -0.15508367  0.00593208],[ 0.00838983 -0.15087867  0.12226573],"[[0.56450299]
 [0.80429458]
 [0.18559796]]",[1.03191013],
113,"[[ 68.74783028  62.56583068  22.7910642 ]
 [ 62.56583068 111.31289432  10.17632809]
 [ 22.7910642   10.17632809  39.31342508]]",[0.54442423 0.28012692 0.29451945],[ 0.08515741 -0.15908055  0.00644684],[ 0.0116663  -0.1450812   0.13199178],"[[0.5862686 ]
 [0.79046218]
 [0.17736594]]",[1.02351757],
114,"[[ 68.92633952  62.44765682  23.14885459]
 [ 62.44765682 110.73450805  11.48271553]
 [ 23.14885459  11.48271553  38.02860908]]",[0.54549935 0.27807359 0.2945876 ],[ 0.08980581 -0.17444453  0.00442255],[ 0.00824044 -0.15137458  0.12474145],"[[0.58734003]
 [0.78776397]
 [0.18563303]]",[1.0075717],
115,"[[ 70.49163112  62.62339714  23.7969176 ]
 [ 62.62339714 109.2333324   11.72672726]
 [ 23.7969176   11.72672726  37.86804725]]",[0.54689842 0.27531634 0.29470974],[ 0.08410788 -0.1665178   0.00872941],[ 0.007636   -0.15417424  0.12304043],"[[0.59629848]
 [0.77969728]
 [0.19105044]]",[0.99278558],
116,"[[ 72.71602663  63.27530892  23.69513257]
 [ 63.27530892 107.59946939  10.2492618 ]
 [ 23.69513257  10.2492618   38.37167534]]",[0.54781352 0.27351655 0.29486697],[ 0.07367984 -0.14362559  0.01608004],[ 0.00868119 -0.15128834  0.12766386],"[[0.6091473 ]
 [0.77149215]
 [0.18368296]]",[0.99158735],
117,"[[ 73.9991091   63.21187028  24.51843814]
 [ 63.21187028 106.23296121  10.96471579]
 [ 24.51843814  10.96471579  38.00013285]]",[0.5496671  0.26992625 0.29523622],[ 0.08092528 -0.16102612  0.0110692 ],[ 0.00751432 -0.15588025  0.12432604],"[[0.61620665]
 [0.76370272]
 [0.19247732]]",[0.97144641],
118,"[[ 76.72294576  63.34516379  25.45923512]
 [ 63.34516379 103.89772346  10.67675775]
 [ 25.45923512  10.67675775  38.23557954]]",[0.55182525 0.2654636  0.2954449 ],[ 0.08429754 -0.17658746  0.00637862],[ 0.00818172 -0.15824172  0.12483647],"[[0.63103802]
 [0.75013301]
 [0.19771567]]",[0.95064734],
119,"[[ 80.46910112  63.88487447  25.69129675]
 [ 63.88487447 101.10186246   8.54649784]
 [ 25.69129675   8.54649784  39.36054024]]",[0.55379254 0.26140403 0.29567929],[ 0.07919164 -0.16253664  0.00929245],[ 0.01095857 -0.15468451  0.13281646],"[[0.6514667 ]
 [0.73430451]
 [0.19075646]]",[0.94115556],
120,"[[81.96644502 63.50290704 26.89533566]
 [63.50290704 99.36883991  9.79529411]
 [26.89533566  9.79529411 38.61568157]]",[0.55572037 0.257294   0.29583532],[ 0.08178119 -0.17878342  0.00573531],[ 0.00829145 -0.16196617  0.12638998],"[[0.65929179]
 [0.72355163]
 [0.20446854]]",[0.91449182],
121,"[[84.90611352 63.83790741 26.89513236]
 [63.83790741 97.28524454  7.678232  ]
 [26.89513236  7.678232   39.91835285]]",[0.55696778 0.25458218 0.29601896],[ 0.07636761 -0.1665104   0.01256691],[ 0.01155028 -0.15720792  0.13522937],"[[0.67498166]
 [0.71114591]
 [0.19665007]]",[0.91089225],
122,"[[85.78862868 63.53662534 27.47149096]
 [63.53662534 96.21792075  8.79362269]
 [27.47149096  8.79362269 38.56833309]]",[0.55825844 0.25185046 0.29629197],[ 0.07754673 -0.16275067  0.01833325],[ 0.00802035 -0.1640888   0.12738668],"[[0.67921147]
 [0.70481937]
 [0.2046984 ]]",[0.89529802],
123,"[[88.0294302  63.25607195 28.23768464]
 [63.25607195 94.30767793  8.54178655]
 [28.23768464  8.54178655 38.68317586]]",[0.55982578 0.24845368 0.2965558 ],[ 0.08226883 -0.18465657  0.0075193 ],[ 0.00818368 -0.1663745   0.12719551],"[[0.69060355]
 [0.6922306 ]
 [0.20948398]]",[0.88249684],
124,"[[88.93366192 63.05010908 28.62319222]
 [63.05010908 93.63616295  8.4286964 ]
 [28.62319222  8.4286964  38.74207205]]",[0.56110959 0.24554554 0.29673096],[ 0.07663982 -0.17535871  0.01116825],[ 0.00898565 -0.16799621  0.12750725],"[[0.69495202]
 [0.68715249]
 [0.2118092 ]]",[0.87287648],
125,"[[92.76468784 63.19332439 28.5052005 ]
 [63.19332439 90.88429091  5.49005396]
 [28.5052005   5.49005396 40.71795586]]",[0.56208604 0.24330441 0.29689314],[ 0.07632453 -0.17493393  0.01289343],[ 0.01361515 -0.16073945  0.14024657],"[[0.71483023]
 [0.66959502]
 [0.20164386]]",[0.87425337],
126,"[[93.67753424 62.67993632 29.32610827]
 [62.67993632 89.73752677  6.72186519]
 [29.32610827  6.72186519 39.46548989]]",[0.56350268 0.240076   0.29709524],[ 0.08116918 -0.18740236  0.00594823],[ 0.00956163 -0.16807808  0.13220977],"[[0.71912754]
 [0.66179043]
 [0.21187026]]",[0.85451853],
127,"[[94.96167121 62.2969288  29.84634666]
 [62.2969288  88.46912091  7.10631275]
 [29.84634666  7.10631275 38.87274259]]",[0.56446693 0.23781425 0.29721367],[ 0.07915972 -0.18665868  0.0129435 ],[ 0.00743671 -0.17197888  0.12819629],"[[0.72534339]
 [0.65327203]
 [0.21705441]]",[0.84454578],
128,"[[98.03569032 62.17029719 29.71630626]
 [62.17029719 86.27816474  4.75870731]
 [29.71630626  4.75870731 40.38428072]]",[0.56572984 0.23479114 0.29744566],[ 0.06867892 -0.16790995  0.01369223],[ 0.01116267 -0.16675579  0.13840198],"[[0.7408007 ]
 [0.63824257]
 [0.20942958]]",[0.84313909],
129,"[[98.52993278 61.68208286 30.31309839]
 [61.68208286 85.53608931  6.12845072]
 [30.31309839  6.12845072 38.78937375]]",[0.56665935 0.23260557 0.29769631],[ 0.07013167 -0.16628597  0.01756101],[ 0.00656282 -0.17433168  0.1288125 ],"[[0.74274481]
 [0.63317385]
 [0.21776367]]",[0.82960998],
130,"[[101.95659071  60.60769492  32.11776838]
 [ 60.60769492  82.31394713   4.44552474]
 [ 32.11776838   4.44552474  42.04946143]]",[0.56747679 0.23065132 0.29789196],[ 0.07609252 -0.18310187  0.01755924],[ 0.0101821  -0.16812203  0.13911565],"[[0.76086513]
 [0.60676246]
 [0.23005124]]",[0.81292199],
131,"[[102.98838723  60.24126171  32.1699215 ]
 [ 60.24126171  81.53863172   4.66652361]
 [ 32.1699215    4.66652361  40.91852783]]",[0.56895637 0.22698385 0.29818839],[ 0.07825236 -0.1952077   0.01730717],[ 0.00817826 -0.1724957   0.13474857],"[[0.76519826]
 [0.6012017 ]
 [0.23027839]]",[0.79728292],
132,"[[104.06259457  59.9472061   31.99206138]
 [ 59.9472061   80.60955469   5.09394452]
 [ 31.99206138   5.09394452  39.31743257]]",[0.56955486 0.22546574 0.29831508],[ 0.07509848 -0.18838497  0.01605359],[ 0.00438079 -0.17718842  0.12788594],"[[0.76967439]
