,D,pos,vel,des_vel,normals,dists,controller: [obstacle aware]
0,"[[77.9671065  56.35637291 37.52772498]
 [56.35637291 93.1688106  27.93260077]
 [37.52772498 27.93260077 40.20903374]]",[0.42254672 0.44855305 0.28005352],[-0.00040135 -0.00026136 -0.00089813],[-0.00280652 -0.19794374  0.04502528],"[[0.63445241]
 [0.68482623]
 [0.3584455 ]]",[3.96266812],True
1,"[[77.96846801 56.35644466 37.52805589]
 [56.35644466 93.16766984 27.93215977]
 [37.52805589 27.93215977 40.20896049]]",[0.42255102 0.44854981 0.2800536 ],[-0.00130735 -0.00107354 -0.00233594],[-0.0028075  -0.19794402  0.04502511],"[[0.63446008]
 [0.68481924]
 [0.35844529]]",[3.96267345],
2,"[[78.0156613  56.36284065 37.52974872]
 [56.36284065 93.14396857 27.90660506]
 [37.52974872 27.90660506 40.19589212]]",[0.42257277 0.44834873 0.2799226 ],[-0.00098417 -0.02466307 -0.01628486],[-0.0028051  -0.19795466  0.04506224],"[[0.63471223]
 [0.6846563 ]
 [0.35831011]]",[3.96096514],
3,"[[78.10987436 56.37376978 37.53429289]
 [56.37376978 93.10013326 27.85373685]
 [37.53429289 27.85373685 40.17180758]]",[0.42252743 0.44785773 0.27961362],[-0.00182681 -0.05600032 -0.03341298],[-0.00277806 -0.19798161  0.04515815],"[[0.63520968]
 [0.68433549]
 [0.35804134]]",[3.95620968],
4,"[[ 18.12969106   5.14503485   5.3753107 ]
 [  5.14503485 159.16815694   8.96755044]
 [  5.3753107    8.96755044  29.6907227 ]]",[0.42276801 0.44632905 0.27958645],[ 0.01674241 -0.06225515  0.01321481],[0.07150731 0.15696177 0.1809688 ],"[[0.03880858]
 [0.99677798]
 [0.07019658]]",[2.26623359],
5,"[[ 16.24487673   5.40794605   0.48389552]
 [  5.40794605 159.69688376  -3.68013752]
 [  0.48389552  -3.68013752  25.46203446]]",[0.42302966 0.44554841 0.2797125 ],[ 0.02477572 -0.07226507  0.00753656],[-0.00245768  0.19714616 -0.15371191],"[[ 0.03748727]
 [ 0.99892714]
 [-0.02718972]]",[1.24438544],
6,"[[ 21.93728015   5.86746842 -10.20193269]
 [  5.86746842 159.5617031   -4.43560591]
 [-10.20193269  -4.43560591  33.76123875]]",[0.42324143 0.44502595 0.27985326],[ 0.0275473 -0.0601935  0.0226036],[-0.04482808 -0.0469501   0.07691878],"[[ 0.04528523]
 [ 0.99822289]
 [-0.03873391]]",[1.64883506],
7,"[[16.59037414 -0.08784282 -1.58868334]
 [-0.08784282 16.01307029  0.23638302]
 [-1.58868334  0.23638302 20.27511062]]",[0.42343071 0.44507546 0.28048921],[0.01786215 0.02859067 0.06266555],[-0.02816423 -0.12729845  0.0649125 ],"[[ 0.04516637]
 [ 0.99824074]
 [-0.0384112 ]]",[1.93321162],
8,"[[16.19204469  0.10009633 -1.15582439]
 [ 0.10009633 16.05217158 -0.60243153]
 [-1.15582439 -0.60243153 22.95634951]]",[0.42333352 0.44576006 0.28102423],[-0.01456724  0.07930039  0.06033665],[-0.01920775 -0.14243678  0.07020469],"[[0.04005774]
 [0.99487737]
 [0.0928138 ]]",[2.25354081],
9,"[[16.06816534  0.11810593 -0.73488302]
 [ 0.11810593 16.20463494 -1.27328698]
 [-0.73488302 -1.27328698 23.92269244]]",[0.42315203 0.4464815  0.28153458],[-0.01924078  0.06661174  0.04782906],[-0.01663451 -0.15058634  0.06884377],"[[0.05907986]
 [0.98473279]
 [0.16374032]]",[2.45566923],
10,"[[16.05257227  0.10014212 -0.63726818]
 [ 0.10014212 16.19075541 -1.21389829]
 [-0.63726818 -1.21389829 23.72480862]]",[0.42314257 0.44689704 0.28212671],[0.00995145 0.0165911  0.04204085],[-0.01604475 -0.15024858  0.0678988 ],"[[0.06239425]
 [0.98515017]
 [0.15995658]]",[2.45419524],
11,"[[16.05321558  0.10125781 -0.64121834]
 [ 0.10125781 16.19267183 -1.22010058]
 [-0.64121834 -1.22010058 23.72632635]]",[0.42308243 0.44704003 0.28243346],[-0.01817853  0.01552233  0.0184258 ],[-0.01606528 -0.15032189  0.06781758],"[[0.06219794]
 [0.98503929]
 [0.16071408]]",[2.45605826],
12,"[[ 1.60024554e+01  2.02454719e-02 -1.68829096e-01]
 [ 2.02454719e-02  1.61669310e+01 -1.39205513e+00]
 [-1.68829096e-01 -1.39205513e+00  2.76084925e+01]]",[0.42271616 0.44724534 0.28270048],[-0.02182663  0.01271819  0.01880978],[-0.0070676  -0.12642289  0.08584219],"[[0.04866882]
 [0.99162607]
 [0.1196206 ]]",[2.38716794],
13,"[[ 16.20583218   5.35873479   0.17927074]
 [  5.35873479 158.84855615  11.16701232]
 [  0.17927074  11.16701232  28.817703  ]]",[0.42251418 0.44730128 0.28318381],[-0.00374163 -0.0045931   0.02520217],[-0.00644556 -0.11971143  0.088076  ],"[[0.03721227]
 [0.99570194]
 [0.08481089]]",[2.33022222],
14,"[[ 16.20544345   5.35571789   0.18566307]
 [  5.35571789 158.83708029  11.23315923]
 [  0.18566307  11.23315923  28.86660947]]",[0.4226258  0.44715043 0.2833642 ],[ 0.01625373 -0.01652151  0.023716  ],[-0.00640492 -0.11967106  0.08816365],"[[0.03719406]
 [0.99565718]
 [0.08534273]]",[2.32891531],
15,"[[ 16.20906338   3.52783194  -0.90685996]
 [  3.52783194 159.50152455   7.44887419]
 [ -0.90685996   7.44887419  26.09817085]]",[0.42297492 0.44672174 0.28353624],[ 0.03280637 -0.04502166  0.01295929],[-0.01307699 -0.12324623  0.0831202 ],"[[0.02414049]
 [0.99817435]
 [0.05536432]]",[2.24392416],
16,"[[ 16.36969003   3.98775101  -1.0555898 ]
 [  3.98775101 159.279693     9.16015572]
 [ -1.0555898    9.16015572  23.22451287]]",[0.42342865 0.4456646  0.28354509],[ 0.01937191 -0.06396752 -0.01039944],[-0.01941551 -0.13843184  0.06998697],"[[0.02720269]
 [0.99740962]
 [0.06658878]]",[2.25737245],
17,"[[ 16.3846562    4.33135114  -0.97040282]
 [  4.33135114 159.0989282   10.29444698]
 [ -0.97040282  10.29444698  23.22250251]]",[0.42359097 0.44482928 0.28325996],[ 0.01695145 -0.07343087 -0.02743709],[-0.01989046 -0.14126611  0.06878654],"[[0.02955617]
 [0.99675965]
 [0.07481061]]",[2.25939065],
18,"[[ 16.36105194   3.2967269   -1.12907785]
 [  3.2967269  159.01465901  11.16406625]
 [ -1.12907785  11.16406625  23.61465069]]",[0.424017   0.44378246 0.28295027],[ 0.04830342 -0.09499353 -0.02303299],[-0.01984027 -0.14152956  0.06958102],"[[0.02222997]
 [0.99643513]
 [0.08138094]]",[2.25024523],
19,"[[ 16.33879158   4.27905397  -0.84054273]
 [  4.27905397 158.72110792  12.53270576]
 [ -0.84054273  12.53270576  24.12854986]]",[0.42517223 0.44202296 0.28242478],[ 0.07694836 -0.11478915 -0.03738106],[-0.01849334 -0.14188182  0.06981951],"[[0.02911162]
 [0.99536731]
 [0.09163202]]",[2.23214009],
20,"[[ 16.33639452   4.80197074  -0.69463479]
 [  4.80197074 158.7523108   12.18203917]
 [ -0.69463479  12.18203917  24.01498129]]",[0.42589939 0.44098164 0.28206768],[ 0.0783535  -0.11282833 -0.0373084 ],[-0.01772765 -0.14165229  0.06978283],"[[0.03284393]
 [0.99548891]
 [0.08901179]]",[2.22798796],
21,"[[ 16.39194431   6.55230487  -0.34190191]
 [  6.55230487 158.87236751  10.61973774]
 [ -0.34190191  10.61973774  24.30336044]]",[0.42673168 0.4398331  0.28172377],[ 0.07469104 -0.10112775 -0.03153899],[-0.01552309 -0.13745074  0.07335388],"[[0.04525572]
 [0.99593903]
 [0.07782903]]",[2.23627368],
22,"[[ 16.29233395   4.08028271  -0.85108693]
 [  4.08028271 159.20363788   9.64950668]
 [ -0.85108693   9.64950668  23.85135891]]",[0.42741019 0.43894738 0.28147938],[ 0.0766225  -0.09841558 -0.02774102],[-0.01674322 -0.13768768  0.07270888],"[[0.02789372]
 [0.99712195]
 [0.07049644]]",[2.19786152],
23,"[[ 16.30371759   4.49461541  -0.78755561]
 [  4.49461541 159.19317666   9.54667499]
 [ -0.78755561   9.54667499  23.90430219]]",[0.42836249 0.43773959 0.28114689],[ 0.08918638 -0.11330261 -0.03082175],[-0.01662439 -0.13738234  0.07314551],"[[0.03080513]
 [0.99708776]
 [0.06976423]]",[2.18586492],
24,"[[ 16.32382442   5.05413889  -0.7009429 ]
 [  5.05413889 159.1688946    9.45111813]
 [ -0.7009429    9.45111813  23.98526132]]",[0.4296389  0.43615786 0.28081393],[ 0.10987967 -0.1342666  -0.02266477],[-0.01646723 -0.13700148  0.07371241],"[[0.03473483]
 [0.99700493]
 [0.06909887]]",[2.17028133],
25,"[[ 16.34847036   5.5978197   -0.61545126]
 [  5.5978197  159.13539002   9.3978687 ]
 [ -0.61545126   9.3978687   24.07580772]]",[0.43086759 0.43462179 0.2805934 ],[ 0.10793686 -0.13664921 -0.01811063],[-0.01631328 -0.13665152  0.07425928],"[[0.03855225]
 [0.99688868]
 [0.06875084]]",[2.15526575],
26,"[[ 16.39416573   6.32039318  -0.43203204]
 [  6.32039318 158.88867313  10.66655627]
 [ -0.43203204  10.66655627  23.92510639]]",[0.4316473  0.43359915 0.28045009],[ 0.09317026 -0.12269025 -0.01496867],[-0.01663449 -0.13985445  0.07196833],"[[0.04360177]
 [0.99600447]
 [0.07793576]]",[2.16499088],
27,"[[ 16.42142103   6.73183351  -0.36446269]
 [  6.73183351 158.85490044  10.63868364]
 [ -0.36446269  10.63868364  23.98664406]]",[0.43256601 0.43237889 0.28030265],[ 0.08224038 -0.10759355 -0.01239369],[-0.01653848 -0.13964134  0.07234769],"[[0.04649577]
 [0.9958864 ]
 [0.07777159]]",[2.1531368],
28,"[[1.66279192e+01 9.06069440e+00 1.36948800e-01]
 [9.06069440e+00 1.58390435e+02 1.18493304e+01]
 [1.36948800e-01 1.18493304e+01 2.43992579e+01]]",[0.43323906 0.43155771 0.2802316 ],[ 0.08503772 -0.10245103 -0.00868028],[-0.01593657 -0.14033513  0.0724983 ],"[[0.06291512]
 [0.99422464]
 [0.08694283]]",[2.14941771],
29,"[[ 16.82230471  10.63027245   0.51482608]
 [ 10.63027245 157.97861785  12.86870995]
 [  0.51482608  12.86870995  24.79459719]]",[0.43473173 0.42994427 0.28012069],[ 0.11432412 -0.11950305 -0.00828385],[-0.01557318 -0.14082545  0.07273932],"[[0.07404717]
 [0.99274148]
 [0.09477006]]",[2.14220956],
30,"[[ 16.5769268    8.74325953   0.2005401 ]
 [  8.74325953 158.27508801  12.64831989]
 [  0.2005401   12.64831989  25.51874544]]",[0.43637628 0.42822624 0.27989692],[ 0.11302899 -0.11850239 -0.01707241],[-0.01448253 -0.13702613  0.07604683],"[[0.06071181]
 [0.99376118]
 [0.09355642]]",[2.13273023],
31,"[[ 16.51957043   8.54471545   0.39450675]
 [  8.54471545 158.55835789  11.12089743]
 [  0.39450675  11.12089743  26.85086132]]",[0.43768214 0.4268658  0.27964864],[ 0.09639077 -0.10081168 -0.01887443],[-0.01030574 -0.12941457  0.08343452],"[[0.05946956]
 [0.9947518 ]
 [0.08325997]]",[2.13752234],
32,"[[ 16.52180718   8.56382034   0.37168183]
 [  8.56382034 158.62267892  10.72757428]
 [  0.37168183  10.72757428  26.58723065]]",[0.43869605 0.42581375 0.2794302 ],[ 0.0931485  -0.09704116 -0.02181933],[-0.01038854 -0.12992792  0.08309098],"[[0.05959638]
 [0.99499779]
 [0.08017271]]",[2.10752143],
33,"[[ 16.63890697   9.38266533   0.27806453]
 [  9.38266533 158.54225053  10.64673292]
 [  0.27806453  10.64673292  25.18358137]]",[0.44007551 0.42436015 0.27910837],[ 0.11346753 -0.1211068  -0.02804626],[-0.01336597 -0.1356092   0.07796592],"[[0.06525751]
 [0.99476072]
 [0.07869292]]",[2.08910569],
34,"[[ 16.52168722   8.41820286   0.25796614]
 [  8.41820286 158.46040998  11.86251475]
 [  0.25796614  11.86251475  25.08322071]]",[0.44141501 0.42290493 0.27883311],[ 0.12136621 -0.13355386 -0.02397343],[-0.0129679  -0.13848454  0.07590208],"[[0.05850354]
 [0.99444091]
 [0.08754776]]",[2.07577093],
35,"[[ 16.84442108  10.78676879   0.2689493 ]
 [ 10.78676879 158.49095864   9.69544971]
 [  0.2689493    9.69544971  24.42470525]]",[0.44256467 0.42163208 0.27863511],[ 0.11179311 -0.12403049 -0.01902443],[-0.01550992 -0.13722666  0.07618731],"[[0.07507902]
 [0.99462685]
 [0.07127808]]",[2.0394553],
36,"[[ 17.15466024  12.74497194   0.7101096 ]
 [ 12.74497194 157.93897561  11.1082017 ]
 [  0.7101096   11.1082017   24.9114492 ]]",[0.44387323 0.42017694 0.2784079 ],[ 0.08631136 -0.09557172 -0.01051326],[-0.01547469 -0.13769695  0.07629114],"[[0.08897406]
 [0.99264522]
 [0.08209197]]",[2.02058211],
37,"[[ 17.44280609  14.27936506   1.07059293]
 [ 14.27936506 157.51059551  11.84598825]
 [  1.07059293  11.84598825  25.08528494]]",[0.44485999 0.4191099  0.27828075],[ 0.09514643 -0.10222425 -0.00999947],[-0.01533575 -0.13859559  0.07602126],"[[0.099935  ]
 [0.99111116]
 [0.08781608]]",[2.03955946],
38,"[[ 17.76050654  15.75921219   1.42850025]
 [ 15.75921219 157.09247239  12.34965635]
 [  1.42850025  12.34965635  25.29177369]]",[0.44644229 0.41738996 0.27810704],[ 0.11888853 -0.13380266 -0.01776447],[-0.01500044 -0.13903328  0.07622817],"[[0.1105654 ]
 [0.98961114]
 [0.09189714]]",[2.03979245],
39,"[[ 17.94474721  16.53708038   1.62915613]
 [ 16.53708038 156.91057804  12.32434621]
 [  1.62915613  12.32434621  25.47861486]]",[0.44780998 0.41581562 0.27791116],[ 0.1216042  -0.14362692 -0.01891496],[-0.014315   -0.13852524  0.07714303],"[[0.11618267]
 [0.98895675]
 [0.09201158]]",[2.02701096],
40,"[[ 18.20494193  17.50856999   1.98822934]
 [ 17.50856999 156.72942605  11.9136012 ]
 [  1.98822934  11.9136012   26.61740812]]",[0.45003683 0.41313796 0.27762307],[ 0.09095146 -0.10704479 -0.01042596],[-0.01168861 -0.13358694  0.08233218],"[[0.1232932 ]
 [0.98827077]
 [0.0901092 ]]",[1.99392407],
41,"[[ 18.22605744  17.55761485   2.0307972 ]
 [ 17.55761485 156.80472788  11.39778847]
 [  2.0307972   11.39778847  27.04272136]]",[0.4510973  0.41197812 0.2774922 ],[ 0.10010198 -0.10717047 -0.01136289],[-0.01062168 -0.13123031  0.08470967],"[[0.12366345]
 [0.98853547]
 [0.08663124]]",[1.97596754],
42,"[[ 17.97538908  16.39213202   2.16716942]
 [ 16.39213202 157.22942616  10.46754632]
 [  2.16716942  10.46754632  29.23155476]]",[0.45212981 0.41088673 0.27736623],[ 0.11909378 -0.12708895 -0.01525113],[-0.0063279 -0.1219691  0.0933646],"[[0.11550021]
 [0.98998632]
 [0.081159  ]]",[1.93920961],
43,"[[ 17.60963066  15.0751097    1.29289107]
 [ 15.0751097  157.62967353  10.01175199]
 [  1.29289107  10.01175199  26.97151211]]",[0.45327935 0.40960961 0.27720087],[ 0.12575633 -0.14232803 -0.0197043 ],[-0.01157572 -0.12856308  0.08615164],"[[0.10566085]
 [0.99152056]
 [0.07564895]]",[1.92225698],
44,"[[ 17.70517903  15.49827881   1.38281317]
 [ 15.49827881 157.54130082   9.9703859 ]
 [  1.38281317   9.9703859   27.07169568]]",[0.45412909 0.40862891 0.27707993],[ 0.11733642 -0.13507661 -0.01542231],[-0.01135923 -0.12826629  0.08662819],"[[0.10869234]
 [0.99120594]
 [0.07547683]]",[1.91335397],
45,"[[ 17.7665722   15.7624348    1.4386847 ]
 [ 15.7624348  157.48577875   9.93772687]
 [  1.4386847    9.93772687  27.1332006 ]]",[0.45465708 0.40801482 0.27698897],[ 0.10720439 -0.12310169 -0.01501287],[-0.01122066 -0.12807606  0.08692967],"[[0.11058628]
 [0.99100839]
 [0.07531957]]",[1.90777801],
46,"[[ 17.32659212  13.60969221   1.47347849]
 [ 13.60969221 157.85266521  10.47332732]
 [  1.47347849  10.47332732  27.30942332]]",[0.45553508 0.40702221 0.27682898],[ 0.08522049 -0.09202038 -0.01256836],[-0.00807212 -0.12897013  0.08718755],"[[0.09547221]
 [0.99226201]
 [0.07937987]]",[1.92664631],
47,"[[ 17.69576697  15.34614778   1.69486097]
 [ 15.34614778 157.48363245  10.53901428]
 [  1.69486097  10.53901428  26.53146569]]",[0.45640281 0.40607743 0.2767074 ],[ 0.07866411 -0.08727438 -0.01047306],[-0.00902101 -0.13235154  0.08437696],"[[0.10781571]
 [0.99097757]
 [0.07961921]]",[1.91205885],
48,"[[ 18.43117926  18.39930346   1.83134069]
 [ 18.39930346 156.78344377  10.2896948 ]
 [  1.83134069  10.2896948   25.67443305]]",[0.45733562 0.40503693 0.27660753],[ 0.10086978 -0.11345655 -0.01045227],[-0.01269738 -0.13524124  0.08139347],"[[0.12948141]
 [0.98854931]
 [0.0774908 ]]",[1.88419041],
49,"[[ 18.74572824  19.5373144    1.91483916]
 [ 19.5373144  156.49711024  10.10247859]
 [  1.91483916  10.10247859  25.72686164]]",[0.45848358 0.40368461 0.27643361],[ 0.11601564 -0.13646918 -0.01665682],[-0.01355949 -0.1348587   0.08196121],"[[0.13762411]
 [0.98754415]
 [0.07626374]]",[1.87087166],
50,"[[ 19.03471688  20.55612671   1.76317883]
 [ 20.55612671 156.38972416   8.81964808]
 [  1.76317883   8.81964808  25.51113513]]",[0.45984686 0.40200561 0.27620703],[ 0.10825332 -0.13471808 -0.0201852 ],[-0.01479668 -0.1339742   0.083094  ],"[[0.14479324]
 [0.98721536]
 [0.06663889]]",[1.86525011],
51,"[[ 19.115127    20.81159853   1.808754  ]
 [ 20.81159853 156.3154593    8.79009685]
 [  1.808754     8.79009685  25.54670001]]",[0.46033529 0.40138812 0.27612717],[ 0.09821772 -0.12178868 -0.01084553],[-0.01470901 -0.13387565  0.08330828],"[[0.14664676]
 [0.98695135]
 [0.06649629]]",[1.85981346],
52,"[[ 19.11564625  20.74715345   2.26928138]
 [ 20.74715345 155.95281003  11.18266266]
 [  2.26928138  11.18266266  26.24083406]]",[0.46176476 0.3996129  0.27595738],[ 0.08520019 -0.1007922  -0.00691293],[-0.01392546 -0.13523298  0.08277169],"[[0.14650467]
 [0.98556153]
 [0.08488138]]",[1.85546009],
53,"[[ 19.85217068  22.8740456    2.80921894]
 [ 22.8740456  155.2149543   11.39766897]
 [  2.80921894  11.39766897  26.28351764]]",[0.46273023 0.39848256 0.27583916],[ 0.1023732  -0.11998685 -0.01266856],[-0.01294623 -0.13593837  0.08261873],"[[0.16217093]
 [0.98290333]
 [0.08718731]]",[1.86172855],
54,"[[ 20.51235578  24.57832946   3.22814619]
 [ 24.57832946 154.5909017   11.43343348]
 [  3.22814619  11.43343348  26.33047016]]",[0.46379257 0.39723085 0.27570829],[ 0.11943547 -0.14401248 -0.01644687],[-0.01214313 -0.13623393  0.08272958],"[[0.17483345]
 [0.9806484 ]
 [0.0881021 ]]",[1.85655495],
55,"[[ 20.83658826  25.32928201   3.44995027]
 [ 25.32928201 154.32830826  11.26776947]
 [  3.44995027  11.26776947  26.60306854]]",[0.46468297 0.39615002 0.27558774],[ 0.12303087 -0.1499201  -0.01577019],[-0.01114105 -0.1351691   0.08404443],"[[0.18048087]
 [0.97968589]
 [0.08741974]]",[1.84601801],
56,"[[ 21.47667035  26.80545355   3.7727875 ]
 [ 26.80545355 153.75528977  11.13461674]
 [  3.7727875   11.13461674  26.79644238]]",[0.46749793 0.39267737 0.27525078],[ 0.08525431 -0.10002483 -0.00988432],[-0.0106476  -0.13481803  0.08514042],"[[0.19154874]
 [0.97760673]
 [0.08714444]]",[1.81697422],
57,"[[ 21.59188205  26.8490073    4.08061502]
 [ 26.8490073  153.82738644  10.47237827]
 [  4.08061502  10.47237827  28.30948671]]",[0.46852565 0.39151412 0.27515257],[ 0.0984849  -0.10929634 -0.00784792],[-0.00708653 -0.12867257  0.09166866],"[[0.19214394]
 [0.97779001]
 [0.0837103 ]]",[1.80331515],
58,"[[ 21.65271578  26.84878932   4.05875588]
 [ 26.84878932 154.18927186   8.01419247]
 [  4.05875588   8.01419247  30.81016705]]",[0.46951507 0.39037713 0.2750388 ],[ 0.10942197 -0.12834877 -0.0129551 ],[-0.00358056 -0.11725831  0.10330726],"[[0.19197589]
 [0.9791256 ]
 [0.06677061]]",[1.77528941],
59,"[[ 20.09709815  22.68445288   3.95967093]
 [ 22.68445288 155.54522902   9.3570119 ]
 [  3.95967093   9.3570119   31.14881427]]",[0.47116564 0.38829274 0.27478271],[ 0.10523754 -0.13662078 -0.01899757],[-0.00057202 -0.11818888  0.10307725],"[[0.16169299]
 [0.98387796]
 [0.0764169 ]]",[1.77429694],
60,"[[ 21.8442586   27.6132796    3.42464972]
 [ 27.6132796  153.98017136   7.43728052]
 [  3.42464972   7.43728052  28.18494576]]",[0.47308451 0.38595675 0.27449579],[ 0.07904603 -0.08930302 -0.00826472],[-0.00820424 -0.12510677  0.09570045],"[[0.19707501]
 [0.97853034]
 [0.06033087]]",[1.71071727],
61,"[[ 21.79879074  27.741715     3.06784719]
 [ 27.741715   153.89571842   7.83230223]
 [  3.06784719   7.83230223  26.67037086]]",[0.47481757 0.38407245 0.27442129],[ 0.10721631 -0.1194269  -0.00536496],[-0.01212363 -0.13085478  0.08988908],"[[0.19775263]
 [0.97828809]
 [0.06201864]]",[1.69857899],
62,"[[ 21.36682723  26.69177392   3.28947813]
 [ 26.69177392 154.10414961   9.39282875]
 [  3.28947813   9.39282875  27.08411369]]",[0.47605364 0.38258303 0.2743185 ],[ 0.10620147 -0.13357229 -0.00614238],[-0.01154738 -0.13147292  0.0892879 ],"[[0.19023635]
 [0.97895386]
 [0.07388827]]",[1.68793874],
63,"[[ 22.41747162  29.073877     3.36891856]
 [ 29.073877   153.25957856   8.20043068]
 [  3.36891856   8.20043068  26.76707228]]",[0.47672649 0.38166166 0.27427223],[ 0.09556152 -0.132497   -0.00850692],[-0.01225433 -0.13076313  0.08944367],"[[0.20784292]
 [0.97597836]
 [0.06532656]]",[1.68107248],
64,"[[ 22.57548368  29.39305307   3.43967369]
 [ 29.39305307 153.1151241    8.18645875]
 [  3.43967369   8.18645875  26.82674421]]",[0.47728616 0.38086055 0.27424819],[ 0.08146985 -0.11728915 -0.00301012],[-0.01211674 -0.1306721   0.08973337],"[[0.21027172]
 [0.97545343]
 [0.06539433]]",[1.67441025],
65,"[[ 22.73760645  29.71557531   3.51480861]
 [ 29.71557531 152.96501258   8.18726511]
 [  3.51480861   8.18726511  26.89042863]]",[0.47785315 0.38005788 0.2742586 ],[ 0.06671659 -0.09666551 -0.00056218],[-0.01198154 -0.13059305  0.09002004],"[[0.21273432]
 [0.97490675]
 [0.06558161]]",[1.6677888],
66,"[[ 22.95327023  30.13750416   3.61050513]
 [ 30.13750416 152.76741619   8.17517553]
 [  3.61050513   8.17517553  26.96817331]]",[0.47859723 0.37903261 0.27424526],[ 0.07635719 -0.10560138 -0.0009467 ],[-0.01180407 -0.13048823  0.09038685],"[[0.21596192]
 [0.974187  ]
 [0.06572774]]",[1.65938321],
67,"[[ 23.24254868  30.69127022   3.73359901]
 [ 30.69127022 152.50457321   8.14640908]
 [  3.73359901   8.14640908  27.06325287]]",[0.47957854 0.37772692 0.27420315],[ 0.10436018 -0.13964336 -0.00451299],[-0.01157229 -0.13035423  0.09085277],"[[0.22021027]
 [0.97322894]
 [0.06582452]]",[1.64878196],
68,"[[ 23.64955988  31.21601592   4.44427328]
 [ 31.21601592 152.03562547   9.38923039]
 [  4.44427328   9.38923039  27.42612011]]",[0.48214633 0.37422504 0.27398535],[ 0.10197316 -0.14101976 -0.00728453],[-0.00907256 -0.13215559  0.09091977],"[[0.22487824]
 [0.97139216]
 [0.07633514]]",[1.65673731],
69,"[[ 26.0708194   35.251022     5.09416201]
 [ 35.251022   150.13090405   7.4641214 ]
 [  5.09416201   7.4641214   28.58263472]]",[0.4849717  0.37051142 0.27379898],[ 0.10046663 -0.12613366 -0.00802221],[-0.00633469 -0.12697998  0.09795065],"[[0.25630489]
 [0.96442738]
 [0.06471186]]",[1.62232815],
70,"[[ 26.14884343  35.11679553   5.88820189]
 [ 35.11679553 150.01744791   8.41344604]
 [  5.88820189   8.41344604  30.85454303]]",[0.48678606 0.36819675 0.27363209],[ 0.10343125 -0.13359296 -0.00932691],[-0.0030223  -0.12142598  0.10436743],"[[0.25612774]
 [0.96377051]
 [0.07446459]]",[1.57522695],
71,"[[ 25.32008088  32.79617592   6.63112026]
 [ 32.79617592 151.30581596   7.86451885]
 [  6.63112026   7.86451885  32.74327662]]",[0.48857682 0.36571567 0.27339571],[ 0.07545337 -0.10526451 -0.00898427],[ 0.00622594 -0.11653384  0.11204825],"[[0.23933826]
 [0.96823994]
 [0.07230912]]",[1.59539025],
72,"[[ 28.35561145  38.37562924   6.27347738]
 [ 38.37562924 147.96278568   8.74506771]
 [  6.27347738   8.74506771  28.21722239]]",[0.48965655 0.36428668 0.27330898],[ 0.08657611 -0.11396447 -0.00797532],[-0.00505028 -0.13193268  0.09519565],"[[0.28240832]
 [0.95620725]
 [0.0768976 ]]",[1.55012981],
73,"[[ 29.24162259  39.57698193   6.77263422]
 [ 39.57698193 146.98776165   9.59660407]
 [  6.77263422   9.59660407  28.38842544]]",[0.49055154 0.36309982 0.27323036],[ 0.09920463 -0.13364843 -0.01055976],[-0.00563324 -0.13304913  0.09454174],"[[0.29266482]
 [0.9524732 ]
 [0.08451096]]",[1.56035487],
74,"[[ 29.80824276  40.28262185   6.95797506]
 [ 40.28262185 146.50143772   9.49565031]
 [  6.95797506   9.49565031  28.49310603]]",[0.49181151 0.36134511 0.27310092],[ 0.10136575 -0.14580723 -0.01297537],[-0.00528566 -0.13298096  0.09513744],"[[0.29864461]
 [0.95062133]
 [0.08444219]]",[1.5472736],
75,"[[ 30.43435363  41.06830601   7.27593259]
 [ 41.06830601 145.85031622   9.86818815]
 [  7.27593259   9.86818815  28.69248106]]",[0.49373967 0.35850579 0.27292454],[ 0.08450612 -0.11785688 -0.0010673 ],[-0.00547263 -0.13348227  0.09547157],"[[0.30547309]
 [0.94810888]
 [0.08818016]]",[1.54574026],
76,"[[ 30.83583155  41.54118192   7.41012601]
 [ 41.54118192 145.50189238   9.81669918]
 [  7.41012601   9.81669918  28.7658433 ]]",[0.49459991 0.35733579 0.27288276],[ 0.08927554 -0.1179294  -0.00268126],[-0.00525088 -0.13346766  0.09585489],"[[0.30956176]
 [0.94677058]
 [0.08830059]]",[1.53726378],
77,"[[ 31.06999533  41.34514523   7.9234699 ]
 [ 41.34514523 146.07612833   6.59987027]
 [  7.9234699    6.59987027  33.9351135 ]]",[0.49579832 0.35570394 0.2727782 ],[ 0.10568159 -0.1456139  -0.01052932],[ 0.00455757 -0.11421858  0.11765594],"[[0.3084789 ]
 [0.94872119]
 [0.06905698]]",[1.52412011],
78,"[[ 29.68609238  38.83774604   9.1125462 ]
 [ 38.83774604 147.66377538   6.86106889]
 [  9.1125462    6.86106889  38.8923508 ]]",[0.49714581 0.35373485 0.27258387],[ 0.09906063 -0.14777527 -0.01633169],[ 0.01338258 -0.10120466  0.13217133],"[[0.2896621 ]
 [0.9541189 ]
 [0.07584851]]",[1.47056026],
79,"[[ 29.38678147  37.30757006   9.92074203]
 [ 37.30757006 148.59204714   6.68484214]
 [  9.92074203   6.68484214  38.70716181]]",[0.49883507 0.35139812 0.27242208],[ 0.07743676 -0.09537798 -0.00207548],[ 0.02092164 -0.10279367  0.13350654],"[[0.27916817]
 [0.95726228]
 [0.07559146]]",[1.45268371],
80,"[[ 32.17185624  43.0655557    6.68953049]
 [ 43.0655557  145.07982084   5.04619298]
 [  6.68953049   5.04619298  30.0908255 ]]",[0.49930582 0.35087288 0.27243571],[ 0.07956426 -0.0896459   0.00242939],[-0.00080522 -0.12356214  0.1073501 ],"[[0.32131903]
 [0.94547141]
 [0.05327187]]",[1.42964188],
81,"[[ 31.62811727  42.68928984   6.40974486]
 [ 42.68928984 145.29047216   6.06107854]
 [  6.40974486   6.06107854  28.96246796]]",[0.50010886 0.35002877 0.2725167 ],[ 0.09518765 -0.10288975  0.00700764],[-0.00460476 -0.12814942  0.10243578],"[[0.31766334]
 [0.94634674]
 [0.05931143]]",[1.43303784],
82,"[[ 30.79767951  41.62547075   6.88531856]
 [ 41.62547075 145.79562691   7.94631685]
 [  6.88531856   7.94631685  29.47265656]]",[0.50108822 0.3488512  0.27255026],[ 0.10830298 -0.13380731  0.0029365 ],[-0.00473116 -0.12895529  0.10177155],"[[0.30938182]
 [0.94805146]
 [0.0740359 ]]",[1.42398794],
83,"[[ 31.33488908  42.24435914   7.06431452]
 [ 42.24435914 145.32808931   7.89177123]
 [  7.06431452   7.89177123  29.58634935]]",[0.50215448 0.34734112 0.27254095],[ 0.10440376 -0.15457227 -0.00373857],[-0.00438924 -0.12893601  0.1023303 ],"[[0.31476271]
 [0.94625697]
 [0.07431144]]",[1.41300573],
84,"[[ 31.83124069  42.80047137   7.22813587]
 [ 42.80047137 144.8991387    7.83183986]
 [  7.22813587   7.83183986  29.6988466 ]]",[0.50308273 0.34588504 0.27251137],[ 0.08640601 -0.13562608 -0.0034524 ],[-0.0040495  -0.12889771  0.10289455],"[[0.31964164]
 [0.94460461]
 [0.07450744]]",[1.40216179],
85,"[[ 32.15890587  43.07299824   7.38337794]
 [ 43.07299824 144.6847104    7.72446558]
 [  7.38337794   7.72446558  29.68090814]]",[0.5051822  0.34279642 0.27258886],[ 0.08988354 -0.12489092  0.00350027],[-0.00303369 -0.12927244  0.1030831 ],"[[0.32225593]
 [0.94374042]
 [0.07419656]]",[1.40033709],
86,"[[ 35.8248007   46.78197091   8.70251714]
 [ 46.78197091 141.3487858    8.24991414]
 [  8.70251714   8.24991414  29.91414186]]",[0.50744718 0.33951217 0.27247138],[ 0.09698759 -0.14700137 -0.00333527],[-0.00207825 -0.13130545  0.10293682],"[[0.35641976]
 [0.93064411]
 [0.08286437]]",[1.38612695],
87,"[[ 37.49773867  47.76343761   9.6165741 ]
 [ 47.76343761 140.68617719   5.56210194]
 [  9.6165741    5.56210194  33.75456582]]",[0.50899899 0.33708146 0.27235237],[ 0.07391045 -0.11422086 -0.003109  ],[ 0.00816412 -0.11872861  0.12015814],"[[0.36708731]
 [0.92763627]
 [0.06883203]]",[1.38624894],
88,"[[ 39.03085428  48.91650401  10.62009115]
 [ 48.91650401 139.5886964    4.46202999]
 [ 10.62009115   4.46202999  37.52371137]]",[0.51052718 0.33479489 0.27218984],[ 0.08933185 -0.13466535 -0.01157864],[ 0.0141238  -0.10850554  0.13377964],"[[0.37906403]
 [0.92297827]
 [0.06649492]]",[1.3447058],
89,"[[ 37.96758124  48.01185029  10.53806251]
 [ 48.01185029 140.24501742   6.18552445]
 [ 10.53806251   6.18552445  35.75095452]]",[0.51215392 0.33233553 0.27204845],[ 0.09798039 -0.15164551 -0.00970571],[ 0.01073687 -0.11505358  0.12598785],"[[0.3708065 ]
 [0.92546897]
 [0.07752247]]",[1.30215846],
90,"[[ 38.81263684  48.71284642  10.80122956]
 [ 48.71284642 139.54830299   6.0096526 ]
 [ 10.80122956   6.0096526   36.00756526]]",[0.51341733 0.3304481  0.27197564],[ 0.08394349 -0.12442778 -0.00409162],[ 0.01151749 -0.11480786  0.1271893 ],"[[0.37778363]
 [0.92263399]
 [0.07762762]]",[1.28938987],
91,"[[ 37.76949389  48.46603741   8.91571599]
 [ 48.46603741 139.99148454   6.55558159]
 [  8.91571599   6.55558159  30.63473507]]",[0.51428265 0.32925318 0.27202256],[ 0.07634895 -0.10263604  0.00607388],[ 0.00098127 -0.12897182  0.10876352],"[[0.37219181]
 [0.9253167 ]
 [0.07254146]]",[1.29137986],
92,"[[ 40.5548882   50.78040637   9.83915688]
 [ 50.78040637 137.41398824   7.14330547]
 [  9.83915688   7.14330547  30.57521261]]",[0.51486391 0.32849618 0.2720819 ],[ 0.08477906 -0.10887747  0.00920773],[ 0.00079911 -0.13118375  0.10728454],"[[0.39558818]
 [0.91488726]
 [0.0805686 ]]",[1.30218694],
93,"[[ 42.39407286  52.07626646  10.4109322 ]
 [ 52.07626646 135.84648592   7.25322415]
 [ 10.4109322    7.25322415  30.43295395]]",[0.51655968 0.32612336 0.27214134],[ 0.10005027 -0.15310812 -0.00162642],[ 0.00164998 -0.13335776  0.10681769],"[[0.40965228]
 [0.90838753]
 [0.08376822]]",[1.32120558],
94,"[[ 43.29031259  52.70644131  10.63011149]
 [ 52.70644131 135.09312519   7.11195913]
 [ 10.63011149   7.11195913  30.5481519 ]]",[0.51773547 0.32415825 0.27207367],[ 0.09374393 -0.16318781 -0.00887402],[ 0.00210116 -0.13349333  0.1075067 ],"[[0.41646664]
 [0.90526832]
 [0.08393328]]",[1.30818522],
95,"[[ 47.11128891  55.1917742   11.87529082]
 [ 55.1917742  131.63467206   7.48355541]
 [ 11.87529082   7.48355541  30.94295156]]",[0.52044521 0.31971692 0.27196665],[ 0.09050591 -0.13832335 -0.00372452],[ 0.00252711 -0.13534701  0.10812874],"[[0.44517945]
 [0.89063961]
 [0.09260855]]",[1.28371736],
96,"[[ 48.86722373  55.53841776  13.93893119]
 [ 55.53841776 131.47476144   2.4768416 ]
 [ 13.93893119   2.4768416   42.4522872 ]]",[0.52226315 0.31694232 0.27187834],[ 0.09671567 -0.15353719 -0.00758635],[ 0.02657111 -0.10087014  0.15333061],"[[0.4531152 ]
 [0.88850281]
 [0.07245247]]",[1.26266484],
97,"[[ 46.59355297  53.47233516  15.29391137]
 [ 53.47233516 133.88572453   2.78367779]
 [ 15.29391137   2.78367779  47.12466603]]",[0.52316259 0.3154576  0.27184113],[ 0.08449565 -0.14208984 -0.00422527],[ 0.03679144 -0.088851    0.16855319],"[[0.43398921]
 [0.89727562]
 [0.08093105]]",[1.2065423],
98,"[[ 47.83409083  55.67335324  11.82737093]
 [ 55.67335324 131.17356814   6.43686226]
 [ 11.82737093   6.43686226  31.7927553 ]]",[0.52466125 0.31323243 0.27198757],[ 0.07871718 -0.0996694   0.01479342],[ 0.00416485 -0.13244999  0.11333901],"[[0.45021592]
 [0.88875362]
 [0.08615469]]",[1.19462433],
99,"[[ 49.2503685   56.45007331  12.11458889]
 [ 56.45007331 129.98158307   6.41181249]
 [ 12.11458889   6.41181249  31.45715179]]",[0.52528538 0.31251922 0.2721375 ],[ 0.09126304 -0.10012011  0.02542562],[ 0.00435183 -0.13426851  0.11209791],"[[0.45995592]
 [0.88362744]
 [0.08742478]]",[1.21892359],
100,"[[ 50.11634438  56.92276199  12.36259674]
 [ 56.92276199 129.21759252   6.42300977]
 [ 12.36259674   6.42300977  31.53905316]]",[0.52645738 0.31115863 0.27242917],[ 0.10978617 -0.13600324  0.02541095],[ 0.00451563 -0.13468158  0.11236709],"[[0.46601801]
 [0.88030145]
 [0.08886263]]",[1.21260688],
101,"[[ 51.27116347  57.52533736  12.65479295]
 [ 57.52533736 128.22726462   6.33199734]
 [ 12.65479295   6.33199734  31.66128011]]",[0.52780943 0.30908895 0.27258616],[ 0.09430239 -0.16282389  0.00195227],[ 0.00489919 -0.13509084  0.11297348],"[[0.4739165 ]
 [0.87596368]
 [0.08994881]]",[1.20092662],
102,"[[ 51.98184848  57.88095748  12.82398172]
 [ 57.88095748 127.62764992   6.24297437]
 [ 12.82398172   6.24297437  31.74541732]]",[0.5285489  0.30771102 0.27261131],[ 0.08316076 -0.1544852   0.00610568],[ 0.0051992  -0.13529632  0.11344776],"[[0.47869259]
 [0.87331895]
 [0.09037379]]",[1.1924195],
103,"[[ 53.89991209  58.78339012  13.32620871]
 [ 58.78339012 125.95095331   6.31246007]
 [ 13.32620871   6.31246007  31.66273828]]",[0.52953626 0.30588705 0.27270767],[ 0.06880321 -0.12288395  0.00698138],[ 0.00533381 -0.13693401  0.11289951],"[[0.4914705 ]
 [0.86584748]
 [0.09362103]]",[1.19974287],
104,"[[ 55.74146973  59.21554897  15.04899509]
 [ 59.21554897 125.46720357   1.66437621]
 [ 15.04899509   1.66437621  41.99223089]]",[0.53067332 0.30404906 0.27279572],[ 0.08969273 -0.14149214  0.00545131],[ 0.02740596 -0.10641577  0.15432834],"[[0.50071368]
 [0.86226881]
 [0.07601514]]",[1.18600748],
105,"[[ 53.70232872  57.74548936  16.66198062]
 [ 57.74548936 127.5704898    1.72217008]
 [ 16.66198062   1.72217008  47.85157884]]",[0.5316388  0.30246688 0.27276943],[ 0.09676759 -0.16382351 -0.00528645],[ 0.03961059 -0.09152007  0.1741093 ],"[[0.48592483]
 [0.86980347]
 [0.08555109]]",[1.13116623],
106,"[[ 54.63723739  58.40802344  15.54622312]
 [ 58.40802344 126.59828524   2.2374081 ]
 [ 15.54622312   2.2374081   42.52864235]]",[0.53347432 0.29944832 0.27287543],[ 0.08391397 -0.12867101  0.01239364],[ 0.02971376 -0.10613818  0.15597617],"[[0.49240918]
 [0.86652365]
 [0.08166987]]",[1.09563961],
107,"[[ 56.24010413  59.94875616  12.84333041]
 [ 59.94875616 124.65033511   1.94866336]
 [ 12.84333041   1.94866336  35.36927068]]",[0.53418594 0.29853327 0.27307557],[ 0.08015057 -0.09798067  0.02495874],[ 0.0144016  -0.12309955  0.13304349],"[[0.50526193]
 [0.86047503]
 [0.06552174]]",[1.1053962],
108,"[[ 56.2458574   60.15750472  12.45431177]
 [ 60.15750472 124.21723232   3.44856147]
 [ 12.45431177   3.44856147  32.42751003]]",[0.53486589 0.29779066 0.2733207 ],[ 0.08912344 -0.09833151  0.03215107],[ 0.00717426 -0.13270129  0.12111544],"[[0.50678316]
 [0.85900302]
 [0.07269561]]",[1.10431357],
109,"[[ 57.27782687  60.59729774  12.96864682]
 [ 60.59729774 123.18681576   3.9279177 ]
 [ 12.96864682   3.9279177   32.60077895]]",[0.53603591 0.29630426 0.27369074],[ 0.09853531 -0.13276196  0.02835054],[ 0.00666733 -0.13375716  0.12109056],"[[0.51386765]
 [0.85425677]
 [0.07864741]]",[1.10425988],
110,"[[ 58.17628084  60.94805     13.28638578]
 [ 60.94805    122.3662757    4.07699492]
 [ 13.28638578   4.07699492  32.68861115]]",[0.53705483 0.29468294 0.27389496],[ 0.09710185 -0.16578976  0.01226122],[ 0.00665003 -0.13448206  0.1212256 ],"[[0.5196875 ]
 [0.8504631 ]
 [0.08147034]]",[1.1017076],
111,"[[ 59.46101856  61.03880937  15.14974665]
 [ 61.03880937 121.03869234   6.20848503]
 [ 15.14974665   6.20848503  33.03802164]]",[0.53803567 0.2928497  0.27402225],[ 0.08484078 -0.16298651  0.01014325],[ 0.00725959 -0.13842924  0.11849357],"[[0.52756079]
 [0.84310514]
 [0.10417936]]",[1.10366509],
112,"[[ 58.55386676  60.19073302  14.8897787 ]
 [ 60.19073302 122.62771214   5.59550822]
 [ 14.8897787    5.59550822  32.33970484]]",[0.53949012 0.28990166 0.27423186],[ 0.07184762 -0.1350579   0.01308139],[ 0.0123855  -0.1410457   0.11844439],"[[0.51839579]
 [0.84954135]
 [0.09770003]]",[1.12352099],
113,"[[ 66.33445801  63.22792901  16.04685728]
 [ 63.22792901 116.02718887   1.58519214]
 [ 16.04685728   1.58519214  37.85727763]]",[0.54004344 0.2889047  0.27430288],[ 0.08086326 -0.14566248  0.00773381],[ 0.02023306 -0.12306796  0.14029786],"[[0.56744564]
 [0.81899329]
 [0.08517888]]",[1.08437815],
114,"[[ 56.78723683  57.29459695  19.09821917]
 [ 57.29459695 126.29449248   4.1341187 ]
 [ 19.09821917   4.1341187   42.21749291]]",[0.54145547 0.28635477 0.27436272],[ 0.09642952 -0.17637489  0.00297683],[ 0.04379179 -0.11659342  0.15608636],"[[0.49796336]
 [0.86007358]
 [0.11093209]]",[1.07251385],
115,"[[ 57.91085118  57.78554396  19.33078182]
 [ 57.78554396 125.34352029   3.96569905]
 [ 19.33078182   3.96569905  42.26340148]]",[0.54255442 0.28431198 0.27442811],[ 0.08762198 -0.16411767  0.00459152],[ 0.04418547 -0.11735354  0.15669571],"[[0.50545436]
 [0.85557878]
 [0.11180717]]",[1.06057645],
116,"[[ 69.92867482  63.60250683  17.57735465]
 [ 63.60250683 114.09943122  -1.85429235]
 [ 17.57735465  -1.85429235  43.8217071 ]]",[0.54437775 0.28152808 0.27498891],[ 0.08074149 -0.09640906  0.03376651],[ 0.04117988 -0.11001223  0.16854571],"[[0.58497403]
 [0.80751943]
 [0.07561584]]",[1.03468067],
117,"[[ 69.59236617  63.73803883  17.71847362]
 [ 63.73803883 113.81513376  -0.59312082]
 [ 17.71847362  -0.59312082  43.18450495]]",[0.54546302 0.2803141  0.2754333 ],[ 0.10408953 -0.11525029  0.04271302],[ 0.03550495 -0.11359261  0.16511655],"[[0.58516742]
 [0.80648081]
 [0.08466285]]",[1.0169027],
118,"[[ 68.67630496  63.99738381  16.0655785 ]
 [ 63.99738381 113.6212939    2.37957305]
 [ 16.0655785    2.37957305  35.68297851]]",[0.54650751 0.27914506 0.27587039],[ 0.11688267 -0.13605399  0.04861838],[ 0.01445283 -0.13364112  0.13482674],"[[0.58217461]
 [0.80798893]
 [0.0907007 ]]",[1.01253969],
119,"[[ 66.88571016  63.58347538  16.63283905]
 [ 63.58347538 114.36505461   5.1301938 ]
 [ 16.63283905   5.1301938   34.39027983]]",[0.5474082  0.27797713 0.27623934],[ 0.10757846 -0.14172558  0.04467991],[ 0.00736206 -0.13898928  0.12503805],"[[0.57377369]
 [0.81171086]
 [0.10912945]]",[1.00408215],
120,"[[ 63.72182869  62.50559159  15.65467667]
 [ 62.50559159 117.63371767   4.70137175]
 [ 15.65467667   4.70137175  33.77084594]]",[0.54848496 0.27636776 0.27670808],[ 0.08190246 -0.13046814  0.03676857],[ 0.01007019 -0.13937487  0.12528862],"[[0.55315098]
 [0.82712893]
 [0.09940683]]",[1.034527],
121,"[[ 71.97550943  64.35858028  18.3118161 ]
 [ 64.35858028 109.97818808   5.66187027]
 [ 18.3118161    5.66187027  33.84802265]]",[0.54923419 0.27487702 0.27706582],[ 0.05628663 -0.12144823  0.02526881],[ 0.00733548 -0.14509295  0.12066904],"[[0.60226891]
 [0.78878775]
 [0.12282528]]",[1.03555081],
122,"[[ 71.58058651  64.0597716   17.80947569]
 [ 64.0597716  111.40955989   3.33611265]
 [ 17.80947569   3.33611265  35.40205343]]",[0.55020731 0.27262396 0.27735628],[ 0.07171528 -0.1635328   0.013797  ],[ 0.01683136 -0.13973981  0.13217831],"[[0.5973543 ]
 [0.7948524 ]
 [0.10666535]]",[1.04972658],
123,"[[ 75.41295826  65.15394077  20.02666547]
 [ 65.15394077 107.99841191  -1.58129504]
 [ 20.02666547  -1.58129504  49.72430652]]",[0.55053005 0.27190725 0.2774088 ],[ 0.07732802 -0.17507206  0.01230394],[ 0.04531248 -0.10124037  0.18819874],"[[0.62207087]
 [0.77630956]
 [0.10183958]]",[1.01205332],
124,"[[ 74.7337905   64.85920132  19.75021794]
 [ 64.85920132 108.38270491   0.94721314]
 [ 19.75021794   0.94721314  43.60814269]]",[0.55239962 0.26776619 0.27763025],[ 0.07291692 -0.15447743  0.02211588],[ 0.0295736  -0.11887421  0.16223225],"[[0.61785152]
 [0.77839537]
 [0.11117623]]",[0.96236926],
125,"[[ 73.13430489  64.87499411  18.35989186]
 [ 64.87499411 110.00188013  -0.56985486]
 [ 18.35989186  -0.56985486  44.45410926]]",[0.55305019 0.26663238 0.27798512],[ 0.07485876 -0.12091811  0.0442871 ],[ 0.03329795 -0.11385498  0.17041625],"[[0.60831224]
 [0.78825737]
 [0.0927714 ]]",[0.9689847],
126,"[[ 72.85303203  64.44311794  19.03093885]
 [ 64.44311794 110.32261119   1.0991465 ]
 [ 19.03093885   1.0991465   42.06963431]]",[0.55393767 0.26539498 0.27849196],[ 0.08375145 -0.11660668  0.04620249],[ 0.02909827 -0.12334884  0.16016742],"[[0.60601733]
 [0.78847171]
 [0.10514446]]",[0.94719153],
127,"[[ 76.32192245  64.97549133  18.75051367]
 [ 64.97549133 106.76065635   3.8043017 ]
 [ 18.75051367   3.8043017   34.76477839]]",[0.55514258 0.26362556 0.27905547],[ 0.09618094 -0.14619168  0.04306071],[ 0.01192731 -0.14626253  0.12926943],"[[0.62532352]
 [0.77153547]
 [0.11706204]]",[0.93961411],
128,"[[ 76.43232469  64.98615369  18.78283271]
 [ 64.98615369 106.66258983   3.80429028]
 [ 18.78283271   3.80429028  34.7717872 ]]",[0.55524392 0.26347557 0.27910203],[ 0.0970614  -0.14890717  0.04182679],[ 0.01191968 -0.14634907  0.12927915],"[[0.62593412]
 [0.77100321]
 [0.11730532]]",[0.93914591],
129,"[[ 81.46188705  65.45673292  19.93679379]
 [ 65.45673292 101.98175801   3.78621687]
 [ 19.93679379   3.78621687  34.77464939]]",[0.55711836 0.26032681 0.27995077],[ 0.07916114 -0.15055946  0.03660021],[ 0.00918411 -0.14868599  0.12697688],"[[0.65385186]
 [0.74594708]
 [0.12665189]]",[0.93655315],
130,"[[ 80.65228155  65.50088367  19.58350751]
 [ 65.50088367 102.62035054   3.80671115]
 [ 19.58350751   3.80671115  34.62136098]]",[0.55770047 0.25904277 0.28024443],[ 0.06192067 -0.14308121  0.02947289],[ 0.00848048 -0.14779926  0.12633894],"[[0.64973408]
 [0.74993762]
 [0.12425456]]",[0.94734977],
131,"[[ 81.09086459  65.51363325  19.70614622]
 [ 65.51363325 102.23957023   3.77842612]
 [ 19.70614622   3.77842612  34.66455044]]",[0.55799247 0.25833885 0.28037849],[ 0.05856863 -0.1391189   0.02716948],[ 0.00851639 -0.14810768  0.12649688],"[[0.65206673]
 [0.7477751 ]
 [0.12506546]]",[0.94414614],
132,"[[ 77.61125764  65.04361179  18.96483078]
 [ 65.04361179 105.88351851   3.29380294]
