,D,eigen_values_obs,pos,vel,des_vel,normals,dists
0,"[[12.03835283  1.16778395 -0.12454555]
 [ 1.16778395 47.5572026  -3.79221802]
 [-0.12454555 -3.79221802 12.40444457]]","[[42.48063397  0.          0.        ]
 [ 0.         20.50681782  0.        ]
 [ 0.          0.         12.        ]]",[0.38869096 0.45743382 0.17434233],[0.00410342 0.00177975 0.00214454],[-0.00635798 -0.19359044  0.02064665],"[[0.62066308]
 [0.76593876]
 [0.16767576]]",[8.07972576]
1,"[[12.03846988  1.16956991 -0.12466718]
 [ 1.16956991 47.55752816 -3.79015976]
 [-0.12466718 -3.79015976 12.40400196]]","[[50.66722155  0.          0.        ]
 [ 0.         20.50591972  0.        ]
 [ 0.          0.         12.        ]]",[0.38872579 0.45747533 0.17438789],[0.00150314 0.00243998 0.0025371 ],[-0.00636766 -0.19359104  0.02063532],"[[0.62065661]
 [0.76592765]
 [0.1677504 ]]",[8.08125209]
2,"[[12.03852727  1.17044409 -0.12473178]
 [ 1.17044409 47.5576544  -3.78930503]
 [-0.12473178 -3.78930503 12.40381833]]","[[49.32665021  0.          0.        ]
 [ 0.         20.50600728  0.        ]
 [ 0.          0.         12.        ]]",[0.38874476 0.45748079 0.17440809],[ 4.68485164e-03 -9.59401053e-05  3.47053744e-03],[-0.00637242 -0.19359184  0.02063068],"[[0.62067131]
 [0.76590789]
 [0.16778623]]",[8.0817357]
3,"[[12.03878634  1.17436609 -0.12517215]
 [ 1.17436609 47.55725529 -3.78994077]
 [-0.12517215 -3.78994077 12.40395837]]","[[60.          0.          0.        ]
 [ 0.         20.51475096  0.        ]
 [ 0.          0.         12.        ]]",[0.38887111 0.45726083 0.17439941],[ 0.01248087 -0.0288347  -0.00230753],[-0.00639418 -0.19360183  0.02063544],"[[0.62105829]
 [0.76559105]
 [0.16780031]]",[8.07944962]
4,"[[12.0389829   1.17731851 -0.12564186]
 [ 1.17731851 47.55607345 -3.7944968 ]
 [-0.12564186 -3.7944968  12.40494364]]","[[60.          0.          0.        ]
 [ 0.         20.53345994  0.        ]
 [ 0.          0.         12.        ]]",[0.38901291 0.45675179 0.17432616],[ 0.01288162 -0.05200061 -0.00917705],[-0.00641109 -0.19362063  0.02066294],"[[0.62177024]
 [0.76502251]
 [0.16775674]]",[8.07160601]
5,"[[12.03910012  1.17906684 -0.12600293]
 [ 1.17906684 47.55484639 -3.79962758]
 [-0.12600293 -3.79962758 12.4060535 ]]","[[60.         0.         0.       ]
 [ 0.        20.5525883  0.       ]
 [ 0.         0.        12.       ]]",[0.3891262  0.45622452 0.17424711],[ 0.01283554 -0.06023324 -0.00952067],[-0.00642146 -0.19363949  0.02069361],"[[0.6224653 ]
 [0.76446684]
 [0.16771227]]",[8.06295582]
6,"[[12.03931232  1.18223579 -0.1265563 ]
 [ 1.18223579 47.55327094 -3.80591615]
 [-0.1265563  -3.80591615 12.40741674]]","[[60.          0.          0.        ]
 [ 0.         20.57746339  0.        ]
 [ 0.          0.         12.        ]]",[0.38929497 0.45554612 0.17414831],[ 0.01585893 -0.06535359 -0.00733458],[-0.00643983 -0.19366438  0.02073144],"[[0.62338949]
 [0.76372581]
 [0.1676557 ]]",[8.05221072]
7,"[[12.03954851  1.18575279 -0.12717139]
 [ 1.18575279 47.55152173 -3.81288278]
 [-0.12717139 -3.81288278 12.40892976]]","[[60.          0.          0.        ]
 [ 0.         20.60457746  0.        ]
 [ 0.          0.         12.        ]]",[0.38948065 0.45480838 0.174036  ],[ 0.01847694 -0.07610091 -0.01337531],[-0.00646021 -0.19369148  0.02077331],"[[0.6243993 ]
 [0.76291636]
 [0.16758324]]",[8.0405579]
8,"[[12.03996347  1.19192797 -0.12804534]
 [ 1.19192797 47.54977165 -3.81900808]
 [-0.12804534 -3.81900808 12.41026488]]","[[60.          0.          0.        ]
 [ 0.         20.63624358  0.        ]
 [ 0.          0.         12.        ]]",[0.38974097 0.45396723 0.17395044],[ 0.03004043 -0.08615279 -0.00723312],[-0.00649529 -0.19372481  0.02081129],"[[0.62560518]
 [0.76192921]
 [0.16757698]]",[8.02823428]
9,"[[12.04068412  1.20259871 -0.12934175]
 [ 1.20259871 47.54811638 -3.82326663]
 [-0.12934175 -3.82326663 12.4111995 ]]","[[60.          0.          0.        ]
 [ 0.         20.67201023  0.        ]
 [ 0.          0.         12.        ]]",[0.39011786 0.45304769 0.17390554],[ 0.03823048 -0.08975029 -0.00224194],[-0.00655509 -0.19376466  0.02083975],"[[0.62703274]
 [0.76073885]
 [0.16764948]]",[8.01644549]
10,"[[12.68515569  5.01633492 -0.31350125]
 [ 5.01633492 59.08842246  0.61824074]
 [-0.31350125  0.61824074 12.96268836]]","[[60.          0.          0.        ]
 [ 0.         13.07822163  0.        ]
 [ 0.          0.         12.        ]]",[0.39059317 0.4520375  0.17389425],[ 0.04644279 -0.09225003 -0.00023367],[-0.03080999 -0.15516765  0.03389472],"[[0.10440814]
 [0.99439108]
 [0.01689162]]",[4.59616623]
11,"[[12.98556206  4.95638429 -0.41411924]
 [ 4.95638429 59.38275716  0.82333216]
 [-0.41411924  0.82333216 12.55003256]]","[[60.          0.          0.        ]
 [ 0.         12.99378433  0.        ]
 [ 0.          0.         12.        ]]",[0.39105176 0.45113792 0.17390049],[ 0.04960091 -0.09138487  0.00288153],[-0.04230857 -0.15548978  0.0251894 ],"[[0.10417894]
 [0.99441143]
 [0.01710731]]",[4.34904723]
12,"[[12.90306776  4.95095608 -0.34144058]
 [ 4.95095608 59.39127163  0.82660567]
 [-0.34144058  0.82660567 12.48872883]]","[[60.          0.          0.        ]
 [ 0.         12.85285315  0.        ]
 [ 0.          0.         12.        ]]",[0.39150861 0.4503244  0.17392131],[ 0.05196335 -0.09059872  0.00112405],[-0.04072707 -0.15909155  0.0239531 ],"[[0.10399323]
 [0.99442878]
 [0.01722804]]",[4.34098195]
13,"[[12.758341    4.96505738 -0.29832109]
 [ 4.96505738 59.3357481   0.64232117]
 [-0.29832109  0.64232117 12.57166906]]","[[60.          0.          0.        ]
 [ 0.         12.79133463  0.        ]
 [ 0.          0.         12.        ]]",[0.39225323 0.44908814 0.17397807],[ 0.06164293 -0.10095099  0.00446637],[-0.03570213 -0.16045437  0.0268745 ],"[[0.10389858]
 [0.9944875 ]
 [0.01413112]]",[4.41981484]
14,"[[12.6641154   5.03839412 -0.22719521]
 [ 5.03839412 59.23344989  0.63694258]
 [-0.22719521  0.63694258 12.69625477]]","[[60.          0.          0.        ]
 [ 0.         12.80122614  0.        ]
 [ 0.          0.         12.        ]]",[0.39291715 0.44799919 0.17402687],[ 0.06604332 -0.1107798   0.00243201],[-0.03094022 -0.16155802  0.02975801],"[[0.10526153]
 [0.99432717]
 [0.01528039]]",[4.50166488]
15,"[[12.6241467   5.03823651 -0.18985521]
 [ 5.03823651 59.19314268  0.61353378]
 [-0.18985521  0.61353378 12.76376394]]","[[60.         0.         0.       ]
 [ 0.        12.8266341  0.       ]
 [ 0.         0.        12.       ]]",[0.39358155 0.44686991 0.1740855 ],[ 0.06637382 -0.11246745  0.00695478],[-0.02858415 -0.16203644  0.03129576],"[[0.10529683]
 [0.99432071]
 [0.01545628]]",[4.53263716]
16,"[[12.62097208  5.02896972 -0.1888391 ]
 [ 5.02896972 59.21703464  0.62757764]
 [-0.1888391   0.62757764 12.77428755]]","[[60.          0.          0.        ]
 [ 0.         12.83697544  0.        ]
 [ 0.          0.         12.        ]]",[0.39408979 0.44597766 0.17415106],[ 0.06127516 -0.10833088  0.01131185],[-0.02848868 -0.16193895  0.03152231],"[[0.10513425]
 [0.99433688]
 [0.0155231 ]]",[4.51573871]
17,"[[12.63157734  4.97410113 -0.22120616]
 [ 4.97410113 59.28884657  0.6043185 ]
 [-0.22120616  0.6043185  12.75601038]]","[[60.          0.          0.        ]
 [ 0.         12.84545064  0.        ]
 [ 0.          0.         12.        ]]",[0.39463895 0.44498236 0.17422761],[ 0.05934193 -0.10777421  0.00878945],[-0.02964588 -0.16117368  0.03129272],"[[0.10401355]
 [0.99447364]
 [0.01426075]]",[4.46575246]
18,"[[12.65423697  4.97545323 -0.24329924]
 [ 4.97545323 59.34296444  0.63086148]
 [-0.24329924  0.63086148 12.73816093]]","[[60.         0.         0.       ]
 [ 0.        12.8528738  0.       ]
 [ 0.         0.        12.       ]]",[0.39533798 0.44376606 0.1743287 ],[ 0.0687516  -0.11141062  0.01274853],[-0.03088792 -0.16059785  0.03088308],"[[0.10413871]
 [0.99446239]
 [0.01413109]]",[4.40939651]
19,"[[12.66712753  4.97409788 -0.25487155]
 [ 4.97409788 59.37415781  0.64038018]
 [-0.25487155  0.64038018 12.72485886]]","[[60.          0.          0.        ]
 [ 0.         12.85456964  0.        ]
 [ 0.          0.         12.        ]]",[0.39598678 0.44274574 0.17441308],[ 0.07664909 -0.11628688  0.01048634],[-0.03158387 -0.16038104  0.03061615],"[[0.10418706]
 [0.99445991]
 [0.01394795]]",[4.37041376]
20,"[[12.66790515  4.96792016 -0.25669795]
 [ 4.96792016 59.39387494  0.65252716]
 [-0.25669795  0.65252716 12.72717976]]","[[60.          0.          0.        ]
 [ 0.         12.85993788  0.        ]
 [ 0.          0.         12.        ]]",[0.39679216 0.4416027  0.17451794],[ 0.08210799 -0.11403626  0.01007677],[-0.03169175 -0.1603444   0.03067396],"[[0.10410406]
 [0.99446791]
 [0.01399697]]",[4.3429405]
21,"[[12.66839841  4.95995016 -0.26405785]
 [ 4.95995016 59.43716021  0.7015656 ]
 [-0.26405785  0.7015656  12.77039862]]","[[60.          0.          0.        ]
 [ 0.         12.90693627  0.        ]
 [ 0.          0.         12.        ]]",[0.4003413  0.43746936 0.17483143],[ 0.09581928 -0.10021067  0.00568421],[-0.03173288 -0.15974799  0.03149234],"[[0.10404319]
 [0.99446613]
 [0.01456456]]",[4.2568874]
22,"[[12.65950847  4.94125679 -0.25606096]
 [ 4.94125679 59.44222255  0.77722943]
 [-0.25606096  0.77722943 12.79677412]]","[[60.          0.          0.        ]
 [ 0.         12.92632849  0.        ]
 [ 0.          0.         12.        ]]",[0.40104636 0.43675763 0.17486849],[ 0.10126066 -0.10117158  0.00769694],[-0.0314193  -0.15975894  0.03176743],"[[0.10363798]
 [0.99448389]
 [0.0161542 ]]",[4.24742016]
23,"[[12.65738911  4.93806567 -0.25851147]
 [ 4.93806567 59.45027255  0.75829072]
 [-0.25851147  0.75829072 12.80557578]]","[[60.          0.          0.        ]
 [ 0.         12.93479726  0.        ]
 [ 0.          0.         12.        ]]",[0.40199149 0.4358055  0.17490507],[ 0.10651368 -0.1058362   0.00445708],[-0.03131663 -0.1596016   0.03203345],"[[0.1035871 ]
 [0.99449682]
 [0.01567744]]",[4.22658925]
24,"[[12.65820161  4.93557971 -0.26144466]
 [ 4.93557971 59.45613139  0.76546533]
 [-0.26144466  0.76546533 12.81517336]]","[[60.          0.          0.        ]
 [ 0.         12.94591061  0.        ]
 [ 0.          0.         12.        ]]",[0.40282343 0.43493606 0.17492205],[ 1.01529430e-01 -1.08965675e-01  7.61519401e-05],[-0.03135479 -0.15943219  0.0322041 ],"[[0.10354909]
 [0.99449943]
 [0.01576305]]",[4.20625518]
25,"[[12.59887865  4.39912846 -0.2752729 ]
 [ 4.39912846 59.52024099  1.65602769]
 [-0.2752729   1.65602769 13.01619483]]","[[60.          0.          0.        ]
 [ 0.         13.14892737  0.        ]
 [ 0.          0.         12.        ]]",[0.40389638 0.43375141 0.17490381],[ 0.09980742 -0.11051683 -0.00294035],[-0.0317744  -0.15974367  0.03242184],"[[0.092105  ]
 [0.99514371]
 [0.03472263]]",[4.19247547]
26,"[[12.66739207  4.92367116 -0.28614234]
 [ 4.92367116 59.47202504  0.67950865]
 [-0.28614234  0.67950865 12.8212088 ]]","[[60.         0.         0.       ]
 [ 0.        12.9669454  0.       ]
 [ 0.         0.        12.       ]]",[0.40456737 0.4329811  0.17487618],[ 0.09622543 -0.10997094 -0.00250343],[-0.03183191 -0.15890451  0.03265592],"[[0.10335416]
 [0.99454922]
 [0.0137758 ]]",[4.14888964]
27,"[[12.67025243  4.93128273 -0.28951862]
 [ 4.93128273 59.47259349  0.65823677]
 [-0.28951862  0.65823677 12.81976723]]","[[60.          0.          0.        ]
 [ 0.         12.96745945  0.        ]
 [ 0.          0.         12.        ]]",[0.40535809 0.43205616 0.17482344],[ 0.09633504 -0.11308355 -0.00739478],[-0.03190057 -0.15877847  0.03269628],"[[0.1035253 ]
 [0.99453789]
 [0.01330003]]",[4.13605687]
28,"[[12.67947653  4.99292825 -0.28155533]
 [ 4.99292825 59.45974326  0.71688063]
 [-0.28155533  0.71688063 12.83720626]]","[[60.          0.          0.        ]
 [ 0.         12.97958159  0.        ]
 [ 0.          0.         12.        ]]",[0.40638236 0.4308281  0.17472966],[ 0.10474587 -0.12699625 -0.01001609],[-0.03190246 -0.15865524  0.03281718],"[[0.1048251 ]
 [0.99438454]
 [0.01452846]]",[4.11761136]
29,"[[12.68002155  4.98818013 -0.28629378]
 [ 4.98818013 59.46266115  0.71096596]
 [-0.28629378  0.71096596 12.84729091]]","[[60.          0.          0.        ]
 [ 0.         12.99152577  0.        ]
 [ 0.          0.         12.        ]]",[0.40746305 0.42952594 0.17462783],[ 0.10995337 -0.13365244 -0.01137755],[-0.03192865 -0.15844871  0.03302867],"[[0.10473175]
 [0.99439658]
 [0.01437707]]",[4.09251569]
30,"[[12.68862976  5.0344987  -0.28510709]
 [ 5.0344987  59.4530488   0.73973573]
 [-0.28510709  0.73973573 12.8671853 ]]","[[60.          0.          0.        ]
 [ 0.         13.00936254  0.        ]
 [ 0.          0.         12.        ]]",[0.40855785 0.42819629 0.17450447],[ 0.10862993 -0.13083455 -0.01108667],[-0.03198367 -0.15821754  0.03329913],"[[0.10571217]
 [0.99428405]
 [0.01497188]]",[4.06309936]
31,"[[12.67641218  4.92284285 -0.31339939]
 [ 4.92284285 59.48074101  0.61212306]
 [-0.31339939  0.61212306 12.8634366 ]]","[[60.          0.          0.        ]
 [ 0.         13.02062133  0.        ]
 [ 0.          0.         12.        ]]",[0.40974213 0.42675419 0.17435362],[ 0.10917989 -0.13253907 -0.01355575],[-0.03208485 -0.15777991  0.03366672],"[[0.10337888]
 [0.99456687]
 [0.01222866]]",[4.02501455]
32,"[[12.67311186  4.89030137 -0.31639793]
 [ 4.89030137 59.48555096  0.68857307]
 [-0.31639793  0.68857307 12.89508051]]","[[60.          0.          0.        ]
 [ 0.         13.05374334  0.        ]
 [ 0.          0.         12.        ]]",[0.41082762 0.42544546 0.17421563],[ 0.10846697 -0.12831918 -0.01159447],[-0.03208633 -0.15750992  0.03397161],"[[0.10268157]
 [0.99461786]
 [0.01384948]]",[3.99179768]
33,"[[12.67293787  4.87532278 -0.32553948]
 [ 4.87532278 59.48964569  0.65233525]
 [-0.32553948  0.65233525 12.90242418]]","[[60.          0.          0.        ]
 [ 0.         13.06500774  0.        ]
 [ 0.          0.         12.        ]]",[0.41182112 0.42425733 0.17408976],[ 0.1076579  -0.1303135  -0.01450836],[-0.03212503 -0.15723728  0.03422192],"[[0.10237346]
 [0.99466018]
 [0.01306915]]",[3.95966344]
34,"[[12.67161856  4.85917103 -0.33274428]
 [ 4.85917103 59.49432614  0.59952299]
 [-0.33274428  0.59952299 12.89767416]]","[[60.          0.          0.        ]
 [ 0.         13.06361887  0.        ]
 [ 0.          0.         12.        ]]",[0.41237763 0.42359506 0.17402165],[ 0.11101886 -0.13281725 -0.01402136],[-0.03214651 -0.15712568  0.03431566],"[[0.10204206]
 [0.99470843]
 [0.01193989]]",[3.94251473]
35,"[[12.67520224  4.85891509 -0.34204855]
 [ 4.85891509 59.49434437  0.6001918 ]
 [-0.34204855  0.6001918  12.92147294]]","[[60.          0.          0.        ]
 [ 0.         13.09101955  0.        ]
 [ 0.          0.         12.        ]]",[0.41405389 0.42159298 0.17381578],[ 0.11042767 -0.13102735 -0.01168178],[-0.03224078 -0.15672371  0.0347315 ],"[[0.10204206]
 [0.99470843]
 [0.01193989]]",[3.89694233]
36,"[[12.6761461   4.85029982 -0.34793295]
 [ 4.85029982 59.49601439  0.60428376]
 [-0.34793295  0.60428376 12.93565585]]","[[60.          0.          0.        ]
 [ 0.         13.10781634  0.        ]
 [ 0.          0.         12.        ]]",[0.41512699 0.42032436 0.1736935 ],[ 0.10250878 -0.12196617 -0.01239662],[-0.03229588 -0.15650345  0.03496448],"[[0.10186273]
 [0.99472586]
 [0.01201876]]",[3.86972321]
37,"[[12.68181546  4.8624772  -0.36318541]
 [ 4.8624772  59.49623489  0.47612867]
 [-0.36318541  0.47612867 12.92690811]]","[[60.          0.          0.        ]
 [ 0.         13.10495846  0.        ]
 [ 0.          0.         12.        ]]",[0.41620588 0.41906006 0.17358342],[ 0.11068496 -0.12870195 -0.01253532],[-0.0324238  -0.15616071  0.03522929],"[[0.10214814]
 [0.99472597]
 [0.00927321]]",[3.84238931]
38,"[[12.67755145  4.81051001 -0.37580569]
 [ 4.81051001 59.50739467  0.44971352]
 [-0.37580569  0.44971352 12.93642546]]","[[60.          0.          0.        ]
 [ 0.         13.12137158  0.        ]
 [ 0.          0.         12.        ]]",[0.41733525 0.41775494 0.17348142],[ 0.10989441 -0.13224106 -0.0140768 ],[-0.03249123 -0.15591488  0.03547867],"[[0.10106048]
 [0.99484225]
 [0.00869919]]",[3.81708284]
39,"[[12.65828054  4.62556001 -0.39249083]
 [ 4.62556001 59.54181674  0.57999656]
 [-0.39249083  0.57999656 12.97486102]]","[[60.         0.         0.       ]
 [ 0.        13.1749583  0.       ]
 [ 0.         0.        12.       ]]",[0.41852887 0.41638963 0.17339182],[ 0.12072915 -0.13963609 -0.00974156],[-0.03260945 -0.1557939   0.03572145],"[[0.0971422 ]
 [0.99520449]
 [0.01146382]]",[3.79273182]
40,"[[12.6614053   4.64191284 -0.39024667]
 [ 4.64191284 59.53577244  0.69040325]
 [-0.39024667  0.69040325 13.01646251]]","[[60.          0.          0.        ]
 [ 0.         13.21364025  0.        ]
 [ 0.          0.         12.        ]]",[0.41975667 0.41500217 0.17332522],[ 0.12677958 -0.14085215 -0.00482767],[-0.03260993 -0.15554708  0.03604989],"[[0.09746752]
 [0.99514284]
 [0.01381364]]",[3.76219047]
41,"[[12.66301979  4.63443349 -0.39753486]
 [ 4.63443349 59.53660727  0.71266263]
 [-0.39753486  0.71266263 13.04336242]]","[[60.          0.          0.        ]
 [ 0.         13.24298948  0.        ]
 [ 0.          0.         12.        ]]",[0.42096156 0.41365119 0.17326578],[ 0.11621785 -0.13155843 -0.00564214],[-0.0326487  -0.15519639  0.03641047],"[[0.09730845]
 [0.99515183]
 [0.01427964]]",[3.72848487]
42,"[[12.66535782  4.63471776 -0.40860563]
 [ 4.63471776 59.53862218  0.63635976]
 [-0.40860563  0.63635976 13.04601902]]","[[60.          0.          0.        ]
 [ 0.         13.24999901  0.        ]
 [ 0.          0.         12.        ]]",[0.42212171 0.41235341 0.17321293],[ 0.11527574 -0.12884118 -0.00582622],[-0.03269277 -0.15488979  0.03670667],"[[0.09733199]
 [0.9951717 ]
 [0.01264039]]",[3.6958306]
43,"[[12.67151731  4.66767417 -0.41200136]
 [ 4.66767417 59.53225034  0.63036123]
 [-0.41200136  0.63036123 13.06199767]]","[[60.          0.          0.        ]
 [ 0.         13.26576531  0.        ]
 [ 0.          0.         12.        ]]",[0.4232663  0.41108225 0.17317007],[ 0.11480202 -0.12758656 -0.00469868],[-0.03274235 -0.15463241  0.03698509],"[[0.09803132]
 [0.99510478]
 [0.01250344]]",[3.66676474]
44,"[[12.67789435  4.71353763 -0.40536077]
 [ 4.71353763 59.5196056   0.75529202]
 [-0.40536077  0.75529202 13.10858762]]","[[60.          0.          0.        ]
 [ 0.         13.30608757  0.        ]
 [ 0.          0.         12.        ]]",[0.42445325 0.40977633 0.17313851],[ 0.11851833 -0.13026893 -0.00216955],[-0.03272899 -0.15438768  0.03730849],"[[0.09897487]
 [0.99497428]
 [0.0151707 ]]",[3.63830435]
45,"[[12.67793659  4.70615846 -0.40899625]
 [ 4.70615846 59.51956672  0.80316256]
 [-0.40899625  0.80316256 13.14013872]]","[[60.          0.          0.        ]
 [ 0.         13.33764203  0.        ]
 [ 0.          0.         12.        ]]",[0.4256689  0.40845275 0.17311351],[ 0.11953513 -0.13355354 -0.0053207 ],[-0.03271005 -0.15409454  0.03763297],"[[0.09880985]
 [0.9949746 ]
 [0.01619112]]",[3.6068654]
46,"[[12.68193658  4.71954934 -0.41619142]
 [ 4.71954934 59.51777283  0.77529985]
 [-0.41619142  0.77529985 13.15365232]]","[[60.          0.          0.        ]
 [ 0.         13.35336174  0.        ]
 [ 0.          0.         12.        ]]",[0.42690686 0.40711608 0.17308651],[ 0.12025276 -0.13142926 -0.00177805],[-0.0327554  -0.15379297  0.03793144],"[[0.09910072]
 [0.99495534]
 [0.01558593]]",[3.57482779]
47,"[[12.68457631  4.7289577  -0.41921341]
 [ 4.7289577  59.51501083  0.80235131]
 [-0.41921341  0.80235131 13.17783384]]","[[60.          0.          0.        ]
 [ 0.         13.37742098  0.        ]
 [ 0.          0.         12.        ]]",[0.42812862 0.4058144  0.17306785],[ 0.1196198  -0.12736284 -0.00169957],[-0.03277256 -0.15355539  0.0382095 ],"[[0.09929515]
 [0.99492679]
 [0.01616019]]",[3.54603512]
48,"[[12.68316433  4.71276413 -0.42269009]
 [ 4.71276413 59.51635211  0.85877778]
 [-0.42269009  0.85877778 13.21104958]]","[[60.          0.          0.        ]
 [ 0.         13.41056602  0.        ]
 [ 0.          0.         12.        ]]",[0.42931786 0.40455063 0.1730466 ],[ 0.11880202 -0.12690095 -0.00300842],[-0.03274356 -0.15330196  0.03851606],"[[0.0989412 ]
 [0.99494171]
 [0.01736761]]",[3.51819424]
49,"[[12.68462692  4.7140652  -0.43002249]
 [ 4.7140652  59.51669631  0.84146009]
 [-0.43002249  0.84146009 13.23031293]]","[[60.          0.          0.        ]
 [ 0.         13.43163615  0.        ]
 [ 0.          0.         12.        ]]",[0.43052221 0.4032574  0.17301581],[ 0.12073293 -0.12993754 -0.00265512],[-0.03273559 -0.15296796  0.03885364],"[[0.09897269]
 [0.99494509]
 [0.01699062]]",[3.48774962]
50,"[[12.68540682  4.70378415 -0.43994548]
 [ 4.70378415 59.51920066  0.82840097]
 [-0.43994548  0.82840097 13.25391584]]","[[60.          0.          0.        ]
 [ 0.         13.45852332  0.        ]
 [ 0.          0.         12.        ]]",[0.43189778 0.40177309 0.17299272],[ 0.12394799 -0.1339741  -0.00177   ],[-0.03274808 -0.15259426  0.03923748],"[[0.09875983]
 [0.99497111]
 [0.01670271]]",[3.4530036]
51,"[[12.68431795  4.6658051  -0.45576815]
 [ 4.6658051  59.52820974  0.78418109]
 [-0.45576815  0.78418109 13.26724066]]","[[60.          0.          0.        ]
 [ 0.         13.47976835  0.        ]
 [ 0.          0.         12.        ]]",[0.43304984 0.40052732 0.17297901],[ 1.28702516e-01 -1.39177379e-01 -2.42736082e-06],[-0.03281652 -0.15222606  0.03956748],"[[0.09797181]
 [0.99506468]
 [0.01574182]]",[3.42249819]
52,"[[12.72347206  4.98535595 -0.42454401]
 [ 4.98535595 59.46391264  0.74105693]
 [-0.42454401  0.74105693 13.27453186]]","[[60.          0.          0.        ]
 [ 0.         13.46191656  0.        ]
 [ 0.          0.         12.        ]]",[0.43432341 0.39913992 0.1729603 ],[ 0.12367951 -0.13470461 -0.00206724],[-0.0327414  -0.15197134  0.03980926],"[[0.10472639]
 [0.99439065]
 [0.01481931]]",[3.40084033]
53,"[[12.73574788  5.01159886 -0.44687769]
 [ 5.01159886 59.46272769  0.57139896]
 [-0.44687769  0.57139896 13.25227352]]","[[60.          0.          0.        ]
 [ 0.         13.45074909  0.        ]
 [ 0.          0.         12.        ]]",[0.43580214 0.39751794 0.17293908],[ 0.123146   -0.13457055 -0.00153013],[-0.03304279 -0.15156205  0.04001326],"[[0.10533173]
 [0.99437466]
 [0.01114737]]",[3.37930998]
54,"[[12.7083522   4.825184   -0.45371556]
 [ 4.825184   59.49633604  0.77416723]
 [-0.45371556  0.77416723 13.31172455]]","[[60.          0.          0.        ]
 [ 0.         13.51641279  0.        ]
 [ 0.          0.         12.        ]]",[0.43694475 0.39625725 0.17292676],[ 0.12900301 -0.14314844 -0.00169341],[-0.03289072 -0.15154872  0.04022166],"[[0.10134392]
 [0.99473055]
 [0.01550939]]",[3.36106229]
55,"[[12.7591322   5.160807   -0.44442046]
 [ 5.160807   59.43121333  0.53167641]
 [-0.44442046  0.53167641 13.28262586]]","[[60.          0.          0.        ]
 [ 0.         13.47297139  0.        ]
 [ 0.          0.         12.        ]]",[0.43809725 0.39498224 0.17292005],[ 0.12817045 -0.14241812 -0.00025435],[-0.03305093 -0.15098862  0.0405583 ],"[[0.10849712]
 [0.9940436 ]
 [0.01028078]]",[3.33206475]
56,"[[12.75984858  5.15687557 -0.44475733]
 [ 5.15687557 59.42958175  0.63925818]
 [-0.44475733  0.63925818 13.33653966]]","[[60.          0.          0.        ]
 [ 0.         13.52596999  0.        ]
 [ 0.          0.         12.        ]]",[0.43951307 0.39341089 0.17291262],[ 0.12856006 -0.14269558 -0.00030416],[-0.03303416 -0.1506484   0.04097497],"[[0.10839263]
 [0.99402851]
 [0.01258442]]",[3.29830297]
57,"[[12.75938878  5.15073174 -0.45101048]
 [ 5.15073174 59.43057312  0.65350222]
 [-0.45101048  0.65350222 13.37100696]]","[[60.          0.          0.        ]
 [ 0.         13.56096886  0.        ]
 [ 0.          0.         12.        ]]",[0.44064091 0.39215272 0.17290935],[ 0.12288497 -0.13696867 -0.00032445],[-0.03297355 -0.15024827  0.04139401],"[[0.10825894]
 [0.99403923]
 [0.01288428]]",[3.26772865]
58,"[[12.76019082  5.15758768 -0.46291574]
 [ 5.15758768 59.43164958  0.54532037]
 [-0.46291574  0.54532037 13.3741149 ]]","[[60.          0.          0.        ]
 [ 0.         13.56595531  0.        ]
 [ 0.          0.         12.        ]]",[0.44186113 0.39079051 0.17291182],[ 0.12126052 -0.13541563 -0.00025907],[-0.03289322 -0.14983827  0.04175872],"[[0.1084257 ]
 [0.99404858]
 [0.01054957]]",[3.23343142]
59,"[[12.76054694  5.15130524 -0.46282956]
 [ 5.15130524 59.43014793  0.66533218]
 [-0.46282956  0.66533218 13.43330274]]","[[60.          0.          0.        ]
 [ 0.         13.62399761  0.        ]
 [ 0.          0.         12.        ]]",[0.44332522 0.38913798 0.17291824],[ 0.12248606 -0.13890526  0.00144447],[-0.0328829  -0.14953906  0.04218891],"[[0.10826762]
 [0.99403512]
 [0.01312642]]",[3.19831049]
60,"[[12.76310617  5.16737991 -0.46788087]
 [ 5.16737991 59.4270943   0.64711652]
 [-0.46788087  0.64711652 13.45741807]]","[[60.          0.          0.        ]
 [ 0.         13.64761854  0.        ]
 [ 0.          0.         12.        ]]",[0.44443516 0.38787802 0.17293203],[ 0.12297514 -0.13951166  0.00237622],[-0.0328313  -0.14920156  0.04256152],"[[0.10861076]
 [0.99400286]
 [0.01272853]]",[3.16926149]
61,"[[12.76342934  5.16741074 -0.47304607]
 [ 5.16741074 59.42708792  0.64735123]
 [-0.47304607  0.64735123 13.48316302]]","[[60.          0.          0.        ]
 [ 0.         13.67368029  0.        ]
 [ 0.          0.         12.        ]]",[0.44543173 0.38674355 0.17294806],[ 0.12350884 -0.13898846  0.00371071],[-0.03278686 -0.14889876  0.04289253],"[[0.10861076]
 [0.99400286]
 [0.01272853]]",[3.14378076]
62,"[[12.76293772  5.16140855 -0.47872124]
 [ 5.16140855 59.42776102  0.67232599]
 [-0.47872124  0.67232599 13.52306194]]","[[60.          0.          0.        ]
 [ 0.         13.71376067  0.        ]
 [ 0.          0.         12.        ]]",[0.44679118 0.38519797 0.17297342],[ 0.12143771 -0.13839993  0.00365813],[-0.03273172 -0.14853492  0.04332912],"[[0.10847722]
 [0.99401047]
 [0.01326182]]",[3.10969967]
63,"[[12.7627909   5.16144097 -0.48483016]
 [ 5.16144097 59.42719343  0.69338477]
 [-0.48483016  0.69338477 13.57134975]]","[[60.          0.          0.        ]
 [ 0.         13.76133408  0.        ]
 [ 0.          0.         12.        ]]",[0.44842718 0.38335245 0.17301573],[ 0.1140513  -0.12896551  0.00123964],[-0.03263401 -0.14806143  0.04386912],"[[0.10847064]
 [0.99400508]
 [0.01371218]]",[3.06937372]
64,"[[12.76656507  5.20429503 -0.47559532]
 [ 5.20429503 59.41445339  0.80209775]
 [-0.47559532  0.80209775 13.63994769]]","[[60.          0.          0.        ]
 [ 0.         13.82096615  0.        ]
 [ 0.          0.         12.        ]]",[0.44982945 0.38176894 0.17305985],[ 0.11654897 -0.13103919  0.00489271],[-0.0324519  -0.1476682   0.04437306],"[[0.10934559]
 [0.99387382]
 [0.01607375]]",[3.0357327]
65,"[[12.76692988  5.21374298 -0.48289741]
 [ 5.21374298 59.41297522  0.78353113]
 [-0.48289741  0.78353113 13.68557948]]","[[60.          0.          0.        ]
 [ 0.         13.86548458  0.        ]
 [ 0.          0.         12.        ]]",[0.45141951 0.37994195 0.17310932],[ 0.12590512 -0.14299441  0.00448866],[-0.03230272 -0.14710397  0.04496963],"[[0.10954515]
 [0.99385827]
 [0.01567157]]",[2.99294137]
66,"[[12.7656596   5.21085962 -0.49135662]
 [ 5.21085962 59.41376716  0.77956315]
 [-0.49135662  0.77956315 13.73823876]]","[[60.          0.          0.        ]
 [ 0.         13.91766551  0.        ]
 [ 0.          0.         12.        ]]",[0.45316809 0.377891   0.17316604],[ 0.12051481 -0.14326523  0.00386677],[-0.03216216 -0.14654733  0.04560163],"[[0.10948057]
 [0.99386675]
 [0.01558496]]",[2.94597126]
67,"[[12.74388252  5.06014559 -0.52280772]
 [ 5.06014559 59.44908469  0.70387281]
 [-0.52280772  0.70387281 13.76050397]]","[[60.          0.          0.        ]
 [ 0.         13.95347118  0.        ]
 [ 0.          0.         12.        ]]",[0.45450793 0.37633675 0.17322373],[ 0.11845315 -0.13919846  0.00463697],[-0.03205749 -0.14605747  0.04607691],"[[0.10630778]
 [0.99423565]
 [0.01393261]]",[2.90990792]
68,"[[12.76961598  5.24431925 -0.49424764]
 [ 5.24431925 59.40428953  0.84126199]
 [-0.49424764  0.84126199 13.83578218]]","[[60.          0.          0.        ]
 [ 0.         14.00968769  0.        ]
 [ 0.          0.         12.        ]]",[0.45595068 0.37468781 0.17329176],[ 0.11978011 -0.13721067  0.0056796 ],[-0.03197702 -0.14579529  0.0465453 ],"[[0.11016792]
 [0.99376879]
 [0.0169302 ]]",[2.88147145]
69,"[[12.77152352  5.28034736 -0.49545938]
 [ 5.28034736 59.39711249  0.81521298]
 [-0.49545938  0.81521298 13.88964376]]","[[60.          0.          0.        ]
 [ 0.         14.05827978  0.        ]
 [ 0.          0.         12.        ]]",[0.45741563 0.3730235  0.17336872],[ 0.12527467 -0.14333528  0.00730568],[-0.03171485 -0.14518785  0.04721823],"[[0.11092743]
 [0.99369358]
 [0.01637619]]",[2.84313917]
70,"[[12.7621032   5.231387   -0.51997605]
 [ 5.231387   59.4122659   0.67897673]
 [-0.51997605  0.67897673 13.92391567]]","[[60.          0.          0.        ]
 [ 0.         14.09828476  0.        ]
 [ 0.          0.         12.        ]]",[0.4589201  0.37131778 0.17346122],[ 0.12490725 -0.14032997  0.00836679],[-0.03148025 -0.14436852  0.04797073],"[[0.10991695]
 [0.99385038]
 [0.01340494]]",[2.798623]
71,"[[12.75826444  5.21689321 -0.52834132]
 [ 5.21689321 59.41592719  0.66407932]
 [-0.52834132  0.66407932 13.97200945]]","[[60.          0.          0.        ]
 [ 0.         14.14620109  0.        ]
 [ 0.          0.         12.        ]]",[0.4603971  0.36967684 0.17356612],[ 0.12183066 -0.13542451  0.00755094],[-0.03131446 -0.14385702  0.04852666],"[[0.10960859]
 [0.99388874]
 [0.01308139]]",[2.75985264]
72,"[[12.75676316  5.21600913 -0.53298162]
 [ 5.21600913 59.41628931  0.65864525]
 [-0.53298162  0.65864525 14.0124051 ]]","[[60.          0.          0.        ]
 [ 0.         14.18545756  0.        ]
 [ 0.          0.         12.        ]]",[0.46178653 0.36816563 0.17367857],[ 0.11202838 -0.12114901  0.0100445 ],[-0.0311859  -0.14347296  0.048973  ],"[[0.10958697]
 [0.99389266]
 [0.01296469]]",[2.72584629]
73,"[[12.76816453  5.30930517 -0.52495521]
 [ 5.30930517 59.3949963   0.67208846]
 [-0.52495521  0.67208846 14.08730992]]","[[60.          0.          0.        ]
 [ 0.         14.25047076  0.        ]
 [ 0.          0.         12.        ]]",[0.46327595 0.36653911 0.17381841],[ 0.11445576 -0.12835192  0.00984248],[-0.03094203 -0.14280702  0.04970591],"[[0.11155044]
 [0.99367017]
 [0.0132703 ]]",[2.69001533]
74,"[[12.76484658  5.30572553 -0.53246103]
 [ 5.30572553 59.3966843   0.64016281]
 [-0.53246103  0.64016281 14.14409045]]","[[60.          0.          0.        ]
 [ 0.         14.30562133  0.        ]
 [ 0.          0.         12.        ]]",[0.46463541 0.36498696 0.17394208],[ 0.1242919  -0.14183653  0.01413181],[-0.0307131  -0.1422061   0.05037336],"[[0.11147496]
 [0.99368764]
 [0.01257779]]",[2.65242285]
75,"[[12.76116625  5.29959346 -0.53671414]
 [ 5.29959346 59.39822535  0.63554157]
 [-0.53671414  0.63554157 14.19919637]]","[[60.          0.          0.        ]
 [ 0.         14.35858798  0.        ]
 [ 0.          0.         12.        ]]",[0.46600642 0.36340466 0.17405871],[ 0.12358749 -0.14296982  0.01055167],[-0.03051158 -0.14174934  0.05094952],"[[0.11133906]
 [0.99370406]
 [0.01248413]]",[2.61576267]
76,"[[12.75839899  5.30171215 -0.53893239]
 [ 5.30171215 59.39785524  0.6326409 ]
 [-0.53893239  0.6326409  14.25627028]]","[[60.          0.          0.        ]
 [ 0.         14.41252451  0.        ]
 [ 0.          0.         12.        ]]",[0.46745901 0.36176408 0.17419514],[ 0.1189645  -0.1344401   0.01088961],[-0.03029288 -0.14129073  0.05153109],"[[0.11137672]
 [0.99370051]
 [0.0124308 ]]",[2.57935003]
77,"[[12.75063069  5.27280733 -0.54934178]
 [ 5.27280733 59.40521583  0.60042403]
 [-0.54934178  0.60042403 14.32026771]]","[[60.          0.          0.        ]
 [ 0.         14.47611423  0.        ]
 [ 0.          0.         12.        ]]",[0.46899309 0.36006837 0.17434171],[ 0.11677603 -0.13109791  0.01055889],[-0.03003507 -0.14064976  0.05223528],"[[0.11076451]
 [0.99377745]
 [0.01173037]]",[2.54046434]
78,"[[12.73225862  5.18120175 -0.56576102]
 [ 5.18120175 59.42608946  0.58416551]
 [-0.56576102  0.58416551 14.39176678]]","[[60.          0.          0.        ]
 [ 0.         14.55011487  0.        ]
 [ 0.          0.         12.        ]]",[0.47053384 0.35832448 0.17447898],[ 0.11847461 -0.13210846  0.01177786],[-0.02973255 -0.14001487  0.0529534 ],"[[0.10881959]
 [0.99399636]
 [0.01138155]]",[2.50173638]
79,"[[12.66492114  4.93871579 -0.56643779]
 [ 4.93871579 59.47754866  0.62926239]
 [-0.56643779  0.62926239 14.64941064]]","[[60.          0.          0.        ]
 [ 0.         14.79188043  0.        ]
 [ 0.          0.         12.        ]]",[0.47180105 0.35688577 0.17461935],[ 0.11193266 -0.1267639   0.01174798],[-0.02797976 -0.13809043  0.05507633],"[[0.10361577]
 [0.99453878]
 [0.01250555]]",[2.45346539]
80,"[[12.65964772  4.98222447 -0.54514308]
 [ 4.98222447 59.466574    0.69803114]
 [-0.54514308  0.69803114 14.80787165]]","[[60.          0.          0.        ]
 [ 0.         14.93409336  0.        ]
 [ 0.          0.         12.        ]]",[0.47314235 0.35536088 0.17476877],[ 0.11270993 -0.12667036  0.01367502],[-0.02729633 -0.13724966  0.0562953 ],"[[0.10449363]
 [0.99442561]
 [0.01409927]]",[2.41042976]
81,"[[12.63627806  4.84700952 -0.55724652]
 [ 4.84700952 59.49405863  0.72634081]
 [-0.55724652  0.72634081 14.82598612]]","[[60.          0.          0.        ]
 [ 0.         14.95632282  0.        ]
 [ 0.          0.         12.        ]]",[0.47451676 0.35378967 0.17490783],[ 0.11400754 -0.13203651  0.00952723],[-0.02716589 -0.13746582  0.05646605],"[[0.10162153]
 [0.99471392]
 [0.01474018]]",[2.36736914]
82,"[[12.63615825  4.85742405 -0.55535221]
 [ 4.85742405 59.49232147  0.71266726]
 [-0.55535221  0.71266726 14.84304493]]","[[60.          0.          0.        ]
 [ 0.         14.97152465  0.        ]
 [ 0.          0.         12.        ]]",[0.47593989 0.35214844 0.17504531],[ 0.11892244 -0.13576935  0.01313175],[-0.0270925  -0.13744463  0.05670382],"[[0.10184217]
 [0.99469568]
 [0.01444581]]",[2.33139931]
83,"[[12.65527676  5.01460335 -0.53203632]
 [ 5.01460335 59.46060905  0.66664135]
 [-0.53203632  0.66664135 14.90290042]]","[[60.          0.          0.        ]
 [ 0.         15.01878623  0.        ]
 [ 0.          0.         12.        ]]",[0.47725994 0.35062462 0.17518236],[ 0.12170405 -0.1406944   0.0125887 ],[-0.02680208 -0.13689404  0.05733422],"[[0.10516858]
 [0.99436334]
 [0.0134583 ]]",[2.30239895]
84,"[[12.65474701  5.04813428 -0.5217223 ]
 [ 5.04813428 59.45316929  0.67689538]
 [-0.5217223   0.67689538 15.00420694]]","[[60.          0.          0.        ]
 [ 0.         15.11212324  0.        ]
 [ 0.          0.         12.        ]]",[0.47884125 0.34882786 0.17535704],[ 0.11975889 -0.13482567  0.01558961],[-0.02640751 -0.13623717  0.05814832],"[[0.10586331]
 [0.9942859 ]
 [0.01373009]]",[2.26488772]
85,"[[12.64941009  5.04868681 -0.51640405]
 [ 5.04868681 59.45313663  0.67483982]
 [-0.51640405  0.67483982 15.09144133]]","[[60.          0.          0.        ]
 [ 0.         15.19398805  0.        ]
 [ 0.          0.         12.        ]]",[0.48016102 0.34736035 0.17551656],[ 0.11988839 -0.13163     0.01463535],[-0.02603542 -0.13565418  0.05886259],"[[0.10586459]
 [0.99428585]
 [0.01372377]]",[2.23297673]
86,"[[12.62513102  4.9143534  -0.53314409]
 [ 4.9143534  59.48093532  0.70042064]
 [-0.53314409  0.70042064 15.15915295]]","[[60.         0.         0.       ]
 [ 0.        15.2652193  0.       ]
 [ 0.         0.        12.       ]]",[0.48096399 0.34647704 0.17562124],[ 0.11387279 -0.124719    0.01535007],[-0.0257965  -0.13527341  0.05933127],"[[0.10300979]
 [0.99457739]
 [0.01431069]]",[2.21174235]
87,"[[12.63303242  4.9884933  -0.4859254 ]
 [ 4.9884933  59.45082879  1.08221361]
 [-0.4859254   1.08221361 15.3364664 ]]","[[60.          0.          0.        ]
 [ 0.         15.42032761  0.        ]
 [ 0.          0.         12.        ]]",[0.48218871 0.34514021 0.17580219],[ 0.11038583 -0.11774411  0.01860928],[-0.02562855 -0.13547999  0.05978601],"[[0.10447613]
 [0.99426245]
 [0.02295467]]",[2.19677841]
88,"[[12.65147699  5.15215032 -0.45024561]
 [ 5.15215032 59.4188707   1.0049205 ]
 [-0.45024561  1.0049205  15.43473   ]]","[[60.          0.          0.        ]
 [ 0.         15.50507769  0.        ]
 [ 0.          0.         12.        ]]",[0.4837468  0.34338947 0.17603945],[ 0.11369132 -0.12892601  0.0170587 ],[-0.02507246 -0.13474896  0.06079463],"[[0.10794982]
 [0.99392767]
 [0.02132186]]",[2.16129246]
89,"[[12.62215764  5.01708983 -0.46241741]
 [ 5.01708983 59.44728544  1.02458419]
 [-0.46241741  1.02458419 15.57659366]]","[[60.          0.          0.        ]
 [ 0.         15.64603674  0.        ]
 [ 0.          0.         12.        ]]",[0.48514798 0.34173948 0.17624699],[ 0.11617376 -0.13736362  0.01739325],[-0.02456017 -0.13398529  0.06182759],"[[0.1050706 ]
 [0.99422498]
 [0.02183715]]",[2.12038176]
90,"[[12.61588123  5.02819732 -0.4467695 ]
 [ 5.02819732 59.44552394  1.00953902]
 [-0.4467695   1.00953902 15.71598727]]","[[60.          0.          0.        ]
 [ 0.         15.77739243  0.        ]
 [ 0.          0.         12.        ]]",[0.4867412  0.33983394 0.176485  ],[ 0.1113472  -0.1333422   0.01825353],[-0.02396397 -0.13314935  0.06290316],"[[0.10529716]
 [0.99420613]
 [0.02160252]]",[2.07826499]
91,"[[12.58551339  4.8975033  -0.4620899 ]
 [ 4.8975033  59.4789904   0.86572759]
 [-0.4620899   0.86572759 15.80050904]]","[[60.          0.          0.        ]
 [ 0.         15.86501283  0.        ]
 [ 0.          0.         12.        ]]",[0.48785773 0.33850945 0.17666396],[ 0.10879976 -0.12776121  0.016539  ],[-0.02329212 -0.13220211  0.06386336],"[[0.10254973]
 [0.99455754]
 [0.0184081 ]]",[2.04108319]
92,"[[12.57862005  4.90528103 -0.44295418]
 [ 4.90528103 59.47818812  0.8426667 ]
 [-0.44295418  0.8426667  15.92616216]]","[[60.          0.          0.        ]
 [ 0.         15.98297032  0.        ]
 [ 0.          0.         12.        ]]",[0.4892166  0.33691367 0.17688917],[ 0.1131466  -0.1341448   0.01743686],[-0.02268249 -0.13146215  0.06482148],"[[0.10270845]
 [0.99454894]
 [0.01798296]]",[2.0060214]
93,"[[12.57273606  4.92569006 -0.41584224]
 [ 4.92569006 59.47465907  0.82078864]
 [-0.41584224  0.82078864 16.08392899]]","[[60.          0.          0.        ]
 [ 0.         16.13132411  0.        ]
 [ 0.          0.         12.        ]]",[0.49082456 0.3350433  0.17717462],[ 0.11010142 -0.13002558  0.01741637],[-0.02195029 -0.13058598  0.06598895],"[[0.10313335]
 [0.99451162]
 [0.01761079]]",[1.96501104]
94,"[[12.57148877  4.95835483 -0.39068338]
 [ 4.95835483 59.46853548  0.79820279]
 [-0.39068338  0.79820279 16.20927145]]","[[60.          0.          0.        ]
 [ 0.         16.24929571  0.        ]
 [ 0.          0.         12.        ]]",[0.49213854 0.3335761  0.17744515],[ 0.1057105  -0.11505347  0.02351108],[-0.02137609 -0.12989983  0.0669174 ],"[[0.10382156]
 [0.9944472 ]
 [0.0172002 ]]",[1.93384831]
95,"[[12.57768539  5.02774739 -0.35290384]
 [ 5.02774739 59.45170795  0.85286068]
 [-0.35290384  0.85286068 16.38459964]]","[[60.          0.          0.        ]
 [ 0.         16.41399298  0.        ]
 [ 0.          0.         12.        ]]",[0.49362154 0.33199419 0.17778959],[ 0.10788682 -0.11439526  0.02522937],[-0.02081926 -0.12918656  0.06797078],"[[0.1052748 ]
 [0.99426939]
 [0.01859025]]",[1.90258196]
96,"[[12.57419916  5.0470631  -0.31696057]
 [ 5.0470631  59.44532073  0.90695306]
 [-0.31696057  0.90695306 16.59864694]]","[[60.          0.          0.        ]
 [ 0.         16.61816683  0.        ]
 [ 0.          0.         12.        ]]",[0.49507859 0.33040379 0.17813056],[ 0.11351586 -0.1265844   0.0247015 ],[-0.02011221 -0.12825844  0.06922598],"[[0.10566928]
 [0.9942001 ]
 [0.02000398]]",[1.86815131]
