,D,eigen_values_obs,pos,vel,des_vel,normals,dists
0,"[[12.44878861  3.99279679 -0.11203735]
 [ 3.99279679 47.52324195 -0.99677749]
 [-0.11203735 -0.99677749 12.02796944]]",,[0.45645433 0.51165608 0.23894369],[ 0.00231805 -0.00250272 -0.00069441],[-0.02175173 -0.19352151  0.00543019],"[[0.63406082]
 [0.73089538]
 [0.25250508]]",[10.50156374]
1,"[[12.44893424  3.99343617 -0.11206406]
 [ 3.99343617 47.52309206 -0.99685123]
 [-0.11206406 -0.99685123 12.0279737 ]]",,[0.45647352 0.5116377  0.23893961],[ 0.00342539 -0.00309604  0.00010924],[-0.02175533 -0.19352171  0.00543062],"[[0.63409705]
 [0.73086607]
 [0.25249894]]",[10.50150625]
2,"[[12.44989574  3.99765456 -0.11224318]
 [ 3.99765456 47.52210103 -0.99736324]
 [-0.11224318 -0.99736324 12.02800323]]",,[0.45659904 0.51147972 0.23891537],[ 0.01092129 -0.01658448 -0.00579773],[-0.02177916 -0.19352389  0.00543362],"[[0.63436392]
 [0.73064273]
 [0.25247499]]",[10.50045749]
3,"[[12.45139621  4.00422851 -0.1125118 ]
 [ 4.00422851 47.5205599  -0.99806549]
 [-0.1125118  -0.99806549 12.02804389]]",,[0.45679382 0.51122167 0.23888184],[ 0.01926208 -0.02599788 -0.00378497],[-0.02181635 -0.19352762  0.00543779],"[[0.63478732]
 [0.73028401]
 [0.25244867]]",[10.49862341]
4,"[[12.45336427  4.01283726 -0.11274639]
 [ 4.01283726 47.51859702 -0.99794569]
 [-0.11274639 -0.99794569 12.02803871]]",,[0.45704486 0.51088393 0.23887186],[ 0.02339529 -0.03558327 -0.00183881],[-0.02186506 -0.19353292  0.00543758],"[[0.63532774]
 [0.72980622]
 [0.25247087]]",[10.49638187]
5,"[[12.45576326  4.02330276 -0.11310282]
 [ 4.02330276 47.51616899 -0.99842821]
 [-0.11310282 -0.99842821 12.02806775]]",,[0.45735    0.5104115  0.23884507],[ 0.0277284  -0.04640748 -0.00335289],[-0.02192445 -0.19354062  0.0054408 ],"[[0.63603892]
 [0.72917863]
 [0.25249361]]",[10.49244632]
6,"[[12.4577983   4.03215397 -0.11355158]
 [ 4.03215397 47.51403654 -1.00012925]
 [-0.11355158 -1.00012925 12.02816516]]",,[0.45761089 0.50996275 0.23878483],[ 0.02813626 -0.0503349  -0.00761072],[-0.02197482 -0.19354783  0.0054506 ],"[[0.63669387]
 [0.72861639]
 [0.25246599]]",[10.48803935]
7,"[[12.46034479  4.04320261 -0.11405228]
 [ 4.04320261 47.5113983  -1.00171974]
 [-0.11405228 -1.00171974 12.02825691]]",,[0.45793398 0.50939691 0.23872749],[ 0.03073832 -0.05633722 -0.00827561],[-0.02203774 -0.19355719  0.00545994],"[[0.63750823]
 [0.72790495]
 [0.25246316]]",[10.48252144]
8,"[[12.46336272  4.05625806 -0.11455737]
 [ 4.05625806 47.50831521 -1.00283047]
 [-0.11455737 -1.00283047 12.02832207]]",,[0.45831363 0.50876512 0.23868119],[ 0.03778971 -0.06506325 -0.00675317],[-0.02211201 -0.19356766  0.00546676],"[[0.63843203]
 [0.72708779]
 [0.25248343]]",[10.47679354]
9,"[[13.3932103   6.92197058 -0.54850622]
 [ 6.92197058 46.39084307 -2.72517647]
 [-0.54850622 -2.72517647 12.21594663]]",,[0.45872206 0.50809145 0.23860001],[ 0.04153501 -0.06685826 -0.00842862],[-0.03453296 -0.17157221  0.01359561],"[[0.05715231]
 [0.99629282]
 [0.06429797]]",[6.67293122]
10,"[[13.91295386  8.06080845 -0.47991003]
 [ 8.06080845 45.96664928 -2.02224574]
 [-0.47991003 -2.02224574 12.12039686]]",,[0.45914695 0.50742772 0.23852608],[ 0.03981877 -0.06257845 -0.00586767],[-0.04032805 -0.16993442  0.01011725],"[[0.05793995]
 [0.99831364]
 [0.00358251]]",[6.56360415]
11,"[[13.90382915  8.04243514 -0.48220421]
 [ 8.04243514 45.97403757 -2.03699797]
 [-0.48220421 -2.03699797 12.12213328]]",,[0.45957838 0.50677537 0.23846789],[ 0.04434749 -0.06759019 -0.00629593],[-0.04027485 -0.17013493  0.01020086],"[[0.04836346]
 [0.99881529]
 [0.00538424]]",[6.5658129]
12,"[[13.66421104  7.54054179 -0.53125178]
 [ 7.54054179 46.16620203 -2.4071023 ]
 [-0.53125178 -2.4071023  12.16958694]]",,[0.46007001 0.50605559 0.23839317],[ 0.04992761 -0.07111403 -0.00641084],[-0.03763631 -0.17053014  0.01201431],"[[0.04814863]
 [0.99869944]
 [0.01676746]]",[6.58466669]
13,"[[13.43631324  7.02418926 -0.55230987]
 [ 7.02418926 46.35130538 -2.70103273]
 [-0.55230987 -2.70103273 12.21238138]]",,[0.46064086 0.50524074 0.23831317],[ 0.05808128 -0.08048881 -0.00635355],[-0.03508925 -0.17160153  0.01349298],"[[0.05644227]
 [0.99652718]
 [0.0612196 ]]",[6.61216146]
14,"[[13.33474125  6.77891392 -0.56167333]
 [ 6.77891392 46.42890063 -2.85263915]
 [-0.56167333 -2.85263915 12.23635812]]",,[0.46125833 0.50436907 0.2382521 ],[ 0.063777   -0.08682547 -0.00425218],[-0.03389769 -0.17216036  0.01426451],"[[0.04662647]
 [0.99542726]
 [0.08336995]]",[6.6112997]
15,"[[13.33537431  6.78005684 -0.5666389 ]
 [ 6.78005684 46.42418401 -2.87697909]
 [-0.5666389  -2.87697909 12.24044168]]",,[0.46189472 0.50348195 0.23820607],[ 0.06252984 -0.09036492 -0.00747322],[-0.03390065 -0.17212278  0.01438505],"[[0.0466291 ]
 [0.99531085]
 [0.08474685]]",[6.59435359]
16,"[[13.38979207  6.9119062  -0.57144119]
 [ 6.9119062  46.3752483  -2.84197042]
 [-0.57144119 -2.84197042 12.23495964]]",,[0.46251889 0.50258847 0.23814968],[ 0.06010108 -0.08951201 -0.0077404 ],[-0.03453071 -0.17173293  0.014198  ],"[[0.04665579]
 [0.99610477]
 [0.07482332]]",[6.56110917]
17,"[[13.44978159  7.05400117 -0.57561956]
 [ 7.05400117 46.32167511 -2.80071225]
 [-0.57561956 -2.80071225 12.22854331]]",,[0.46314054 0.50166506 0.23808299],[ 0.06268582 -0.09396886 -0.00732649],[-0.03521286 -0.17133032  0.01398087],"[[0.04705355]
 [0.99683424]
 [0.06408952]]",[6.52684284]
18,"[[13.47696898  7.11721268 -0.57855834]
 [ 7.11721268 46.29639812 -2.78795479]
 [-0.57855834 -2.78795479 12.22663289]]",,[0.46380124 0.5006886  0.23802212],[ 0.06536443 -0.09858028 -0.00794923],[-0.03549991 -0.17106683  0.01390603],"[[0.05719074]
 [0.99658647]
 [0.0595368 ]]",[6.49637077]
19,"[[13.48521385  7.13564651 -0.5868451 ]
 [ 7.13564651 46.28290899 -2.81947225]
 [-0.5868451  -2.81947225 12.23187717]]",,[0.46472299 0.49935066 0.23792387],[ 0.07004307 -0.10212339 -0.00880391],[-0.03556986 -0.17089388  0.01405454],"[[0.05726029]
 [0.99663413]
 [0.05866574]]",[6.45637039]
20,"[[13.47703775  7.11619536 -0.5928594 ]
 [ 7.11619536 46.28499793 -2.85632735]
 [-0.5928594  -2.85632735 12.23796431]]",,[0.46535504 0.49842768 0.23784215],[ 0.07093287 -0.10448938 -0.00918901],[-0.0354649  -0.17086573  0.01423504],"[[0.0571267 ]
 [0.9965075 ]
 [0.06090443]]",[6.43363262]
21,"[[13.48038217  7.12317806 -0.60213046]
 [ 7.12317806 46.27470736 -2.89728055]
 [-0.60213046 -2.89728055 12.24491047]]",,[0.4660385  0.49742855 0.23775415],[ 0.06765179 -0.10026835 -0.01059523],[-0.03550247 -0.17082779  0.01444027],"[[0.0471508 ]
 [0.99694885]
 [0.0622076 ]]",[6.41200024]
22,"[[13.47685101  7.11462575 -0.60633972]
 [ 7.11462575 46.2742086  -2.92099893]
 [-0.60633972 -2.92099893 12.24894039]]",,[0.46677577 0.49636427 0.23765467],[ 0.06800907 -0.09681203 -0.00839956],[-0.03545708 -0.170812    0.01455735],"[[0.0569414 ]
 [0.99624804]
 [0.06517297]]",[6.39918201]
23,"[[13.48674169  7.13683816 -0.61468787]
 [ 7.13683816 46.25911788 -2.95069941]
 [-0.61468787 -2.95069941 12.25414043]]",,[0.46754821 0.49528173 0.23757624],[ 0.07153652 -0.09631937 -0.00323794],[-0.03555646 -0.17068243  0.01470069],"[[0.05704555]
 [0.99627786]
 [0.06462384]]",[6.37245233]
24,"[[13.49193044  7.14841309 -0.6195399 ]
 [ 7.14841309 46.25079906 -2.96845417]
 [-0.6195399  -2.96845417 12.2572705 ]]",,[0.46829931 0.49424286 0.2375143 ],[ 0.07440902 -0.10484361 -0.00713157],[-0.03559254 -0.17053755  0.01478018],"[[0.05344112]
 [0.99636562]
 [0.06632945]]",[6.3256412]
25,"[[13.50119564  7.16942224 -0.62356996]
 [ 7.16942224 46.23978449 -2.97805043]
 [-0.62356996 -2.97805043 12.25901987]]",,[0.46892617 0.49338933 0.23748084],[ 0.0775938  -0.10454833 -0.00286254],[-0.03568425 -0.17042113  0.0148226 ],"[[0.05356383]
 [0.99644005]
 [0.06510096]]",[6.30632123]
26,"[[13.51592557  7.20255494 -0.63126261]
 [ 7.20255494 46.22120369 -2.99929213]
 [-0.63126261 -2.99929213 12.26287074]]",,[0.46956689 0.49252188 0.23745414],[ 0.08246424 -0.10975906 -0.001252  ],[-0.03584719 -0.1703193   0.01492751],"[[0.05638036]
 [0.99648443]
 [0.06196804]]",[6.3042579]
27,"[[13.53076659  7.2355632  -0.64107415]
 [ 7.2355632  46.20075612 -3.03020233]
 [-0.64107415 -3.03020233 12.26847729]]",,[0.47036124 0.49145852 0.2374435 ],[ 0.07879631 -0.10537928 -0.00108904],[-0.03600716 -0.17019713  0.01507954],"[[0.04697154]
 [0.9969606 ]
 [0.062155  ]]",[6.27054492]
28,"[[13.54416798  7.2652122  -0.64983404]
 [ 7.2652122  46.18236159 -3.05742785]
 [-0.64983404 -3.05742785 12.27347043]]",,[0.47132412 0.49017094 0.23742565],[ 0.0829556  -0.11195521 -0.00438562],[-0.03615253 -0.17009538  0.01521411],"[[0.04697957]
 [0.99690759]
 [0.06299343]]",[6.24587323]
29,"[[13.55530024  7.28964949 -0.65792116]
 [ 7.28964949 46.16638678 -3.08365837]
 [-0.65792116 -3.08365837 12.27831298]]",,[0.47224678 0.48893111 0.23740394],[ 0.08377941 -0.11321092 -0.00321099],[-0.03626653 -0.16998021  0.01534142],"[[0.04723925]
 [0.99686057]
 [0.06354092]]",[6.21901773]
30,"[[13.56484612  7.31039556 -0.66620838]
 [ 7.31039556 46.15152625 -3.1122848 ]
 [-0.66620838 -3.1122848  12.28362764]]",,[0.47320131 0.48765274 0.23737353],[ 0.08899284 -0.11875585 -0.0007728 ],[-0.03635623 -0.16984318  0.01547809],"[[0.04707306]
 [0.99687009]
 [0.06351502]]",[6.18947138]
31,"[[13.5747353   7.33173235 -0.67555918]
 [ 7.33173235 46.13545078 -3.14530266]
 [-0.67555918 -3.14530266 12.28981392]]",,[0.47424659 0.48626245 0.23732917],[ 0.08489959 -0.11690076 -0.00806423],[-0.03644483 -0.1696817   0.01563478],"[[0.04691188]
 [0.99689054]
 [0.06331294]]",[6.15561544]
32,"[[13.58021517  7.34349675 -0.68097098]
 [ 7.34349675 46.12633019 -3.16457423]
 [-0.68097098 -3.16457423 12.29345464]]",,[0.4748393  0.48547888 0.23729278],[ 0.08384979 -0.11240662 -0.00669574],[-0.03649245 -0.16958586  0.01572589],"[[0.04688562]
 [0.99690753]
 [0.06306443]]",[6.13613188]
33,"[[13.58583252  7.35554795 -0.68630925]
 [ 7.35554795 46.11714974 -3.18329994]
 [-0.68630925 -3.18329994 12.29701773]]",,[0.47541888 0.48471453 0.23725883],[ 0.08380339 -0.1108436  -0.00466206],[-0.03654267 -0.16949543  0.01581477],"[[0.04687129]
 [0.99691075]
 [0.06302411]]",[6.11669082]
34,"[[13.59486205  7.37493832 -0.69407037]
 [ 7.37493832 46.10308444 -3.20951028]
 [-0.69407037 -3.20951028 12.30205351]]",,[0.47625544 0.48363518 0.23721446],[ 0.08569171 -0.10970006 -0.0043554 ],[-0.03662704 -0.16937022  0.01593977],"[[0.04707401]
 [0.99690289]
 [0.0629974 ]]",[6.09028284]
35,"[[13.59156433  7.36728548 -0.69738333]
 [ 7.36728548 46.1028599  -3.22815858]
 [-0.69738333 -3.22815858 12.30557577]]",,[0.47713953 0.48251546 0.23717452],[ 0.09139523 -0.11527392 -0.00311483],[-0.03656576 -0.16926141  0.01602219],"[[0.05343095]
 [0.99636892]
 [0.06628808]]",[6.05286012]
36,"[[13.59736452  7.37950973 -0.70454632]
 [ 7.37950973 46.09188266 -3.25486535]
 [-0.70454632 -3.25486535 12.31075281]]",,[0.47805122 0.4813836  0.23714398],[ 0.08949582 -0.11206845 -0.00362828],[-0.03660408 -0.16910366  0.01614489],"[[0.05359747]
 [0.99640852]
 [0.0655544 ]]",[6.02269637]
37,"[[13.59974824  7.38430123 -0.70981519]
 [ 7.38430123 46.0853037  -3.2764463 ]
 [-0.70981519 -3.2764463  12.31494806]]",,[0.47886853 0.48038585 0.23712774],[ 0.09219703 -0.11141811 -0.00051084],[-0.03661057 -0.16899126  0.01624427],"[[0.05379364]
 [0.99638132]
 [0.06580658]]",[5.9973225]
38,"[[13.61374279  7.41428557 -0.72037777]
 [ 7.41428557 46.06467924 -3.30975082]
 [-0.72037777 -3.30975082 12.32157797]]",,[0.47986086 0.47920354 0.23712069],[ 0.08721319 -0.10507017 -0.00149727],[-0.03675264 -0.16885876  0.01640645],"[[0.0570492 ]
 [0.99634468]
 [0.06358191]]",[5.98501551]
39,"[[13.63532217  7.46044798 -0.73419026]
 [ 7.46044798 46.03505756 -3.34942457]
 [-0.73419026 -3.34942457 12.32962027]]",,[0.48078454 0.47813683 0.23712132],[ 0.09210988 -0.10624835  0.00061512],[-0.03697733 -0.16869304  0.01660125],"[[0.04710628]
 [0.99691753]
 [0.06274105]]",[5.95124442]
40,"[[13.63924643  7.46860997 -0.73865277]
 [ 7.46860997 46.02791287 -3.36539361]
 [-0.73865277 -3.36539361 12.33284069]]",,[0.48173436 0.47705683 0.23713342],[ 0.09330181 -0.10624187  0.00093687],[-0.03701805 -0.16865881  0.01668052],"[[0.05706992]
 [0.99622679]
 [0.06538507]]",[5.93765977]
41,"[[13.64696323  7.48462699 -0.74736022]
 [ 7.48462699 46.01389908 -3.3963797 ]
 [-0.74736022 -3.3963797  12.33913769]]",,[0.48271619 0.47595599 0.23716575],[ 0.09590702 -0.10658667  0.00363727],[-0.03708006 -0.16851039  0.01682622],"[[0.05706769]
 [0.99621223]
 [0.06560848]]",[5.90724707]
42,"[[13.65986547  7.51184049 -0.75647607]
 [ 7.51184049 45.99537404 -3.42348681]
 [-0.75647607 -3.42348681 12.34476049]]",,[0.48368666 0.47487932 0.23719025],[ 0.09570155 -0.10589468  0.00311419],[-0.03719285 -0.1683189   0.01695047],"[[0.04780346]
 [0.9966294 ]
 [0.06666833]]",[5.85824496]
43,"[[13.67804377  7.5503138  -0.76583702]
 [ 7.5503138  45.97243833 -3.44586351]
 [-0.76583702 -3.44586351 12.3495179 ]]",,[0.48471817 0.47375864 0.23724324],[ 0.09327825 -0.09926105  0.00702364],[-0.03738299 -0.16820376  0.0170611 ],"[[0.04707593]
 [0.99685688]
 [0.06371985]]",[5.85481016]
44,"[[13.69315831  7.58182357 -0.77644408]
 [ 7.58182357 45.95078201 -3.4768527 ]
 [-0.77644408 -3.4768527  12.35605968]]",,[0.48593233 0.47245791 0.23731756],[ 0.09481314 -0.10088636  0.00554987],[-0.03753199 -0.16806517  0.01721132],"[[0.04699736]
 [0.99681959]
 [0.06435801]]",[5.82681252]
45,"[[13.70477135  7.60572576 -0.78642159]
 [ 7.60572576 45.9324475  -3.50856842]
 [-0.78642159 -3.50856842 12.36278115]]",,[0.48702941 0.47128757 0.23737885],[ 0.10150787 -0.10924406  0.00487402],[-0.0376396  -0.16792661  0.01736338],"[[0.04708201]
 [0.99676955]
 [0.06506719]]",[5.79777988]
46,"[[13.70558129  7.60711981 -0.78971343]
 [ 7.60711981 45.92876783 -3.5222271 ]
 [-0.78971343 -3.5222271  12.36565088]]",,[0.48777666 0.47048592 0.23742061],[ 0.1063145  -0.11340234  0.00624198],[-0.0376295  -0.16783257  0.0174231 ],"[[0.04770692]
 [0.99652498]
 [0.06827894]]",[5.76256474]
47,"[[13.72047893  7.63770944 -0.80161607]
 [ 7.63770944 45.9060272  -3.55860831]
 [-0.80161607 -3.55860831 12.37349386]]",,[0.48898253 0.46919381 0.23748329],[ 0.10849876 -0.11562169  0.00627585],[-0.03776602 -0.16765442  0.01759618],"[[0.04702799]
 [0.99677312]
 [0.0650517 ]]",[5.74719484]
48,"[[13.73990019  7.67705212 -0.8197713 ]
 [ 7.67705212 45.8738564  -3.61711956]
 [-0.8197713  -3.61711956 12.38624341]]",,[0.49103405 0.46702721 0.23757054],[ 0.10539329 -0.11141744  0.00302184],[-0.03793525 -0.16738366  0.01787357],"[[0.04682397]
 [0.99674944]
 [0.0655597 ]]",[5.69523153]
49,"[[13.75323525  7.70389084 -0.83228668]
 [ 7.70389084 45.85166597 -3.65715081]
 [-0.83228668 -3.65715081 12.39509878]]",,[0.4924187  0.46558042 0.2376195 ],[ 0.10447345 -0.10975013  0.00286744],[-0.03805215 -0.16720494  0.01806392],"[[0.04686412]
 [0.9967131 ]
 [0.06608133]]",[5.66039935]
50,"[[13.7488733   7.69414463 -0.83726903]
 [ 7.69414463 45.85028609 -3.68355389]
 [-0.83726903 -3.68355389 12.40084061]]",,[0.49384036 0.46407804 0.23765419],[ 0.10856327 -0.11538505  0.00163594],[-0.03797678 -0.16707834  0.0181813 ],"[[0.05395231]
 [0.99601765]
 [0.07097882]]",[5.61639052]
51,"[[13.75120672  7.69837682 -0.84362972]
 [ 7.69837682 45.84238146 -3.70863099]
 [-0.84362972 -3.70863099 12.40641182]]",,[0.49472501 0.46314279 0.23766954],[ 0.10858749 -0.11502351  0.00108537],[-0.0379708  -0.16692118  0.01829212],"[[0.05403397]
 [0.99606495]
 [0.07024915]]",[5.5898485]
52,"[[13.76859863  7.73364714 -0.85575189]
 [ 7.73364714 45.81733835 -3.7419927 ]
 [-0.85575189 -3.7419927  12.41406302]]",,[0.49569089 0.46212544 0.23768677],[ 0.10571437 -0.11124092  0.002111  ],[-0.03812527 -0.16671243  0.01844724],"[[0.04773706]
 [0.99650927]
 [0.06848692]]",[5.55713296]
53,"[[13.79470369  7.78604089 -0.87517936]
 [ 7.78604089 45.77851895 -3.79682857]
 [-0.87517936 -3.79682857 12.42677736]]",,[0.49740333 0.46027537 0.23768869],[ 0.0997557  -0.1088317   0.00050929],[-0.03837577 -0.16648725  0.01871377],"[[0.04694715]
 [0.9967286 ]
 [0.06578799]]",[5.5340083]
54,"[[13.80582814  7.80825057 -0.88318784]
 [ 7.80825057 45.76222558 -3.8188307 ]
 [-0.88318784 -3.8188307  12.43194629]]",,[0.49820085 0.45940749 0.23768186],[ 0.10069444 -0.10953865 -0.00057284],[-0.0384945  -0.16644701  0.01882675],"[[0.05538982]
 [0.99595955]
 [0.07068629]]",[5.50425589]
55,"[[13.81711072  7.82944167 -0.90218497]
 [ 7.82944167 45.73495966 -3.88727254]
 [-0.90218497 -3.88727254 12.44792962]]",,[0.49957765 0.45790496 0.23768166],[ 0.10819304 -0.11993819 -0.00113498],[-0.03857168 -0.16619502  0.01915062],"[[0.04808289]
 [0.99624973]
 [0.07193403]]",[5.45023549]
56,"[[13.83158755  7.85748382 -0.91781629]
 [ 7.85748382 45.70849082 -3.93741846]
 [-0.91781629 -3.93741846 12.45992163]]",,[0.50118862 0.45612938 0.23767069],[ 0.11732952 -0.1292587  -0.0006298 ],[-0.03869248 -0.16599019  0.01938897],"[[0.05223592]
 [0.99607942]
 [0.07139466]]",[5.41913347]
57,"[[13.84694672  7.88693875 -0.93545009]
 [ 7.88693875 45.6792622  -3.99461312]
 [-0.93545009 -3.99461312 12.47379108]]",,[0.50293029 0.45422239 0.23768666],[ 0.11410584 -0.12480064  0.00195945],[-0.03880655 -0.16571399  0.01965492],"[[0.05696843]
 [0.99584346]
 [0.07106617]]",[5.3745619]
58,"[[13.86124311  7.91380547 -0.9550963 ]
 [ 7.91380547 45.64864953 -4.06096673]
 [-0.9550963  -4.06096673 12.49010736]]",,[0.50476222 0.4521825  0.23769625],[ 0.11466913 -0.12747712  0.0004661 ],[-0.03890036 -0.16540016  0.01996171],"[[0.06197515]
 [0.99561725]
 [0.07003832]]",[5.32794211]
59,"[[13.86981993  7.92974509 -0.96769512]
 [ 7.92974509 45.62936508 -4.10391154]
 [-0.96769512 -4.10391154 12.50081498]]",,[0.50662459 0.45011102 0.2377119 ],[ 1.16337712e-01 -1.30373445e-01  7.75304937e-05],[-0.03894381 -0.16515732  0.02015474],"[[0.06510477]
 [0.99510639]
 [0.0743279 ]]",[5.26114036]
60,"[[13.89047046  7.96919222 -0.98743783]
 [ 7.96919222 45.5937672  -4.16249925]
 [-0.98743783 -4.16249925 12.51576234]]",,[0.50832444 0.44821278 0.23772359],[ 0.11016394 -0.12465613  0.00021214],[-0.03911505 -0.16488772  0.02043073],"[[0.07184189]
 [0.99499067]
 [0.06951486]]",[5.24090825]
61,"[[13.90455401  7.99537853 -1.00525653]
 [ 7.99537853 45.56485421 -4.220099  ]
 [-1.00525653 -4.220099   12.53059177]]",,[0.50992122 0.44641009 0.23773134],[ 0.10461758 -0.11843358  0.00110662],[-0.03922336 -0.16466091  0.02070277],"[[0.07627153]
 [0.99461096]
 [0.07022595]]",[5.19969336]
62,"[[13.91678185  8.01771115 -1.02293781]
 [ 8.01771115 45.53730222 -4.27884889]
 [-1.02293781 -4.27884889 12.54591594]]",,[0.51142534 0.4446802  0.23773302],[ 0.10819026 -0.12453581  0.00046604],[-0.03931267 -0.16444105  0.02098017],"[[0.08060531]
 [0.99421882]
 [0.07093467]]",[5.15981719]
63,"[[13.92567113  8.03379349 -1.03639444]
 [ 8.03379349 45.51654234 -4.3237803 ]
 [-1.03639444 -4.3237803  12.55778654]]",,[0.51259355 0.44333202 0.23773   ],[ 0.11752703 -0.13546384 -0.00036905],[-0.03937453 -0.16426837  0.02119134],"[[0.08409828]
 [0.99389734]
 [0.07138312]]",[5.12867503]
64,"[[13.94203548  8.06318491 -1.06151986]
 [ 8.06318491 45.47773598 -4.40735046]
 [-1.06151986 -4.40735046 12.58022855]]",,[0.51487781 0.4406978  0.23774276],[ 0.1208481  -0.14198667 -0.00072993],[-0.03948215 -0.1639269   0.02158101],"[[0.09107856]
 [0.99324558]
 [0.07188822]]",[5.06908257]
65,"[[13.95126097  8.07962275 -1.07595151]
 [ 8.07962275 45.45544491 -4.45521253]
 [-1.07595151 -4.45521253 12.59329412]]",,[0.51616798 0.4391946  0.23774439],[ 0.11669389 -0.13453185  0.00357682],[-0.03954066 -0.16372675  0.02180325],"[[0.09513166]
 [0.99285579]
 [0.07202327]]",[5.03526716]
66,"[[13.96366925  8.10134198 -1.09743076]
 [ 8.10134198 45.42301246 -4.52757606]
 [-1.09743076 -4.52757606 12.61331829]]",,[0.51802333 0.43703404 0.23774265],[ 0.11535114 -0.13407104 -0.00071804],[-0.03961449 -0.16343412  0.02213925],"[[0.10101269]
 [0.99224931]
 [0.0723722 ]]",[4.98542149]
67,"[[13.97345214  8.11832121 -1.11473066]
 [ 8.11832121 45.39687744 -4.58574158]
 [-1.11473066 -4.58574158 12.62967042]]",,[0.51953156 0.43527748 0.23774037],[ 1.14939265e-01 -1.34579478e-01  1.45424617e-05],[-0.03967225 -0.16320237  0.0224094 ],"[[0.1057662 ]
 [0.99172343]
 [0.07278833]]",[4.94511732]
68,"[[13.9817556   8.13258879 -1.12997604]
 [ 8.13258879 45.37394405 -4.63711593]
 [-1.12997604 -4.63711593 12.64430036]]",,[0.52087244 0.4337281  0.23776192],[ 0.11172382 -0.12858787  0.00283914],[-0.03972037 -0.16300163  0.02264813],"[[0.11001384]
 [0.99123224]
 [0.07318202]]",[4.91027125]
69,"[[13.98950483  8.14592207 -1.14367739]
 [ 8.14592207 45.35304616 -4.68272647]
 [-1.14367739 -4.68272647 12.65744901]]",,[0.52206376 0.43235548 0.23778711],[ 0.10720399 -0.12312784  0.0030203 ],[-0.03976699 -0.16282381  0.02286026],"[[0.11382019]
 [0.99077745]
 [0.0735188 ]]",[4.87968478]
70,"[[13.99685173  8.1585172  -1.15665142]
 [ 8.1585172  45.33317238 -4.72571918]
 [-1.15665142 -4.72571918 12.66997589]]",,[0.5231777  0.43105641 0.23780895],[ 0.11405802 -0.13341608  0.00238579],[-0.03981137 -0.16265692  0.02306024],"[[0.1173761 ]
 [0.99033564]
 [0.07387948]]",[4.85100251]
71,"[[14.00396742  8.1704166  -1.17099705]
 [ 8.1704166  45.31177291 -4.77429607]
 [-1.17099705 -4.77429607 12.68425968]]",,[0.52436287 0.42964118 0.237821  ],[ 0.1205097  -0.14464867  0.00049462],[-0.03985024 -0.16247422  0.02328606],"[[0.12123644]
 [0.98984263]
 [0.07425162]]",[4.8194872]
72,"[[14.01081351  8.18169551 -1.18565338]
 [ 8.18169551 45.29007942 -4.82424396]
 [-1.18565338 -4.82424396 12.69910707]]",,[0.52556861 0.42818834 0.23784241],[ 0.12018485 -0.14408672  0.00253745],[-0.0398851  -0.16228644  0.0235178 ],"[[0.12522433]
 [0.98932025]
 [0.07459427]]",[4.78729886]
73,"[[14.06885083  8.29123455 -1.20578428]
 [ 8.29123455 45.22838428 -4.83236402]
 [-1.20578428 -4.83236402 12.70276489]]",,[0.52678596 0.42674632 0.2378789 ],[ 0.11919462 -0.14099017  0.00383931],[-0.04037645 -0.16181478  0.02353253],"[[0.13335641]
 [0.98812345]
 [0.07634204]]",[4.71230414]
74,"[[13.83032406  7.81936637 -1.18283122]
 [ 7.81936637 45.40528141 -5.05319843]
 [-1.18283122 -5.05319843 12.76439453]]",,[0.52798872 0.42533131 0.23791976],[ 0.11696878 -0.13815755  0.00408995],[-0.03804597 -0.16253701  0.02458688],"[[0.11728853]
 [0.9895775 ]
 [0.08354503]]",[4.83127888]
75,"[[13.83500249  7.8262903  -1.20084791]
 [ 7.8262903  45.37914805 -5.12161941]
 [-1.20084791 -5.12161941 12.78584946]]",,[0.52954408 0.42348234 0.23797128],[ 0.11946802 -0.14339114  0.00377428],[-0.03805436 -0.16230192  0.02490323],"[[0.12240403]
 [0.98891103]
 [0.08409655]]",[4.7903196]
76,"[[13.96425929  8.07912154 -1.2580998 ]
 [ 8.07912154 45.22993309 -5.1746433 ]
 [-1.2580998  -5.1746433  12.80580762]]",,[0.5303698  0.42249369 0.23800625],[ 0.11798816 -0.14131408  0.00549522],[-0.03930527 -0.16166506  0.02517486],"[[0.14866823]
 [0.98435577]
 [0.09455937]]",[4.56303592]
77,"[[13.95347067  8.05845859 -1.25305291]
 [ 8.05845859 45.24275908 -5.16909477]
 [-1.25305291 -5.16909477 12.80377025]]",,[0.53151747 0.42111689 0.23806   ],[ 0.11265801 -0.13427584  0.00615847],[-0.03921826 -0.1617832   0.02515654],"[[0.14726315]
 [0.9849504 ]
 [0.09047808]]",[4.59923716]
78,"[[13.97026445  8.09030736 -1.26273711]
 [ 8.09030736 45.22045078 -5.18505591]
 [-1.26273711 -5.18505591 12.80928477]]",,[0.53263853 0.41977754 0.23812535],[ 0.1109347  -0.13243389  0.0063662 ],[-0.03935515 -0.16160026  0.02522261],"[[0.14946734]
 [0.98485529]
 [0.08786114]]",[4.58838739]
79,"[[13.9878002   8.12198964 -1.28169484]
 [ 8.12198964 45.18578794 -5.23690068]
 [-1.28169484 -5.23690068 12.82641186]]",,[0.53424279 0.41786663 0.23822504],[ 0.11818566 -0.13994397  0.00770764],[-0.03947861 -0.16130637  0.02545504],"[[0.15377578]
 [0.98436215]
 [0.08593123]]",[4.55468157]
80,"[[13.99490728  8.13424016 -1.29272733]
 [ 8.13424016 45.16738765 -5.27109939]
 [-1.29272733 -5.27109939 12.83770507]]",,[0.53496384 0.41700064 0.23826328],[ 0.11902881 -0.14305623  0.0059607 ],[-0.03951824 -0.16113574  0.02560836],"[[0.15542462]
 [0.98416829]
 [0.08518191]]",[4.53574505]
81,"[[13.9993817   8.14043763 -1.30900315]
 [ 8.14043763 45.14360873 -5.32957689]
 [-1.30900315 -5.32957689 12.85700957]]",,[0.53631432 0.41537501 0.23833469],[ 0.12261241 -0.1471566   0.0063958 ],[-0.03952902 -0.16094152  0.02587981],"[[0.16016622]
 [0.983358  ]
 [0.08575443]]",[4.50124395]
82,"[[14.02661851  8.19150872 -1.32297716]
 [ 8.19150872 45.10974161 -5.3474193 ]
 [-1.32297716 -5.3474193  12.86363988]]",,[0.53803269 0.41330285 0.23842791],[ 0.12207129 -0.14940757  0.00588095],[-0.03974739 -0.16065731  0.02594711],"[[0.16329118]
 [0.98246631]
 [0.08997745]]",[4.44268582]
83,"[[14.04224015  8.21987314 -1.3355097 ]
 [ 8.21987314 45.08441195 -5.37533272]
 [-1.3355097  -5.37533272 12.8733479 ]]",,[0.53888971 0.41226445 0.23847599],[ 0.12325056 -0.14902209  0.00784299],[-0.03986339 -0.16044735  0.02606841],"[[0.16913136]
 [0.98183699]
 [0.08596927]]",[4.4304589]
84,"[[14.05807296  8.24650592 -1.36018465]
 [ 8.24650592 45.04297822 -5.4501327 ]
 [-1.36018465 -5.4501327  12.89894883]]",,[0.54108357 0.40960238 0.23862006],[ 0.11784447 -0.14387625  0.00663885],[-0.03997571 -0.16017894  0.02642003],"[[0.17597093]
 [0.98061186]
 [0.08622417]]",[4.38967802]
85,"[[14.06513883  8.2573498  -1.37708891]
 [ 8.2573498  45.01658205 -5.5062181 ]
 [-1.37708891 -5.5062181  12.91827912]]",,[0.54225529 0.40818002 0.23870528],[ 0.11671509 -0.14205475  0.00879927],[-0.04001934 -0.16001525  0.02668595],"[[0.18059946]
 [0.97971062]
 [0.08689609]]",[4.36028857]
86,"[[14.06696383  8.25800374 -1.39417807]
 [ 8.25800374 44.99265567 -5.57006734]
 [-1.39417807 -5.57006734 12.94038051]]",,[0.54338552 0.4068139  0.23880263],[ 0.111928   -0.13589272  0.01047836],[-0.04000784 -0.15984066  0.0269855 ],"[[0.18469923]
 [0.9788461 ]
 [0.08801428]]",[4.33014006]
87,"[[14.05360554  8.22989973 -1.40757023]
 [ 8.22989973 44.98162596 -5.64088947]
 [-1.40757023 -5.64088947 12.96476851]]",,[0.54451656 0.40543202 0.23890126],[ 0.11287161 -0.13999164  0.00921404],[-0.03984146 -0.1596661   0.0273079 ],"[[0.18637786]
 [0.9783759 ]
 [0.08968771]]",[4.30737984]
88,"[[14.05982513  8.23877136 -1.42599848]
 [ 8.23877136 44.9529689  -5.70362757]
 [-1.42599848 -5.70362757 12.98720596]]",,[0.54569275 0.40396191 0.23899319],[ 0.1187632  -0.15037297  0.00808652],[-0.03987117 -0.15947442  0.02760245],"[[0.19481961]
 [0.97675454]
 [0.08941973]]",[4.25828765]
89,"[[14.06661325  8.24944338 -1.44009397]
 [ 8.24944338 44.92987502 -5.74852292]
 [-1.44009397 -5.74852292 13.00351173]]",,[0.54691037 0.40240604 0.23906733],[ 0.12012524 -0.15226455  0.00925553],[-0.03991522 -0.15933236  0.02781443],"[[0.19884431]
 [0.97588626]
 [0.09003857]]",[4.22966147]
90,"[[14.07259093  8.25847613 -1.45437695]
 [ 8.25847613 44.90684476 -5.79513168]
 [-1.45437695 -5.79513168 13.02056431]]",,[0.54810867 0.40089044 0.23914848],[ 0.12048487 -0.15129989  0.00839481],[-0.03994809 -0.15917775  0.02803234],"[[0.20273842]
 [0.97502974]
 [0.09063185]]",[4.20345675]
91,"[[14.0562418   8.22574321 -1.46072688]
 [ 8.22574321 44.90607721 -5.84345881]
 [-1.46072688 -5.84345881 13.03768099]]",,[0.54929732 0.39939454 0.2392309 ],[ 0.11596847 -0.14702448  0.00764502],[-0.03976471 -0.15907386  0.02824832],"[[0.20276783]
 [0.97480747]
 [0.0929279 ]]",[4.18638211]
92,"[[14.04073233  8.19333683 -1.47343376]
 [ 8.19333683 44.89543043 -5.91568963]
 [-1.47343376 -5.91568963 13.06383724]]",,[0.55048439 0.39789408 0.23930837],[ 0.11875462 -0.15139854  0.00771328],[-0.03957262 -0.15888013  0.02857192],"[[0.20861683]
 [0.97346812]
 [0.09401512]]",[4.14601276]
93,"[[14.03483912  8.17975489 -1.48500781]
 [ 8.17975489 44.88141516 -5.96951363]
 [-1.48500781 -5.96951363 13.08374572]]",,[0.55167365 0.39637268 0.23937603],[ 0.1200243  -0.15517829  0.00629631],[-0.03949063 -0.15874654  0.02881992],"[[0.21445203]
 [0.97216063]
 [0.09441415]]",[4.11073587]
94,"[[14.05699759  8.21781682 -1.51266682]
 [ 8.21781682 44.83062342 -6.04318589]
 [-1.51266682 -6.04318589 13.11237899]]",,[0.55293881 0.39476788 0.23946515],[ 0.11301961 -0.14418372  0.0083786 ],[-0.03966767 -0.1584745   0.02917066],"[[0.22441948]
 [0.97007918]
 [0.09264058]]",[4.06920248]
95,"[[14.07320116  8.24664592 -1.52640417]
 [ 8.24664592 44.80297655 -6.07163211]
 [-1.52640417 -6.07163211 13.1238223 ]]",,[0.55393213 0.39352812 0.23954721],[ 0.11036504 -0.13556215  0.01058128],[-0.03981932 -0.15839072  0.02931716],"[[0.22597767]
 [0.96960509]
 [0.09380867]]",[4.05598743]
96,"[[14.08290821  8.26259456 -1.54133705]
 [ 8.26259456 44.77651349 -6.1142604 ]
 [-1.54133705 -6.1142604  13.1405783 ]]",,[0.55502012 0.39216423 0.23963416],[ 0.10896718 -0.13975111  0.00729858],[-0.03989887 -0.15827302  0.02952487],"[[0.22883131]
 [0.96882832]
 [0.09491003]]",[4.03486838]
97,"[[14.08253622  8.25813392 -1.56127218]
 [ 8.25813392 44.74698195 -6.19110229]
 [-1.56127218 -6.19110229 13.17048183]]",,[0.55649668 0.39024493 0.23972797],[ 0.11532565 -0.1517433   0.00711643],[-0.03986295 -0.15807338  0.02988515],"[[0.23452114]
 [0.96737178]
 [0.09587318]]",[3.99681642]
98,"[[14.07387996  8.23947792 -1.57152923]
 [ 8.23947792 44.73525839 -6.24364988]
 [-1.57152923 -6.24364988 13.19086165]]",,[0.55755307 0.38884228 0.23979217],[ 0.11741323 -0.15515942  0.00839596],[-0.03974608 -0.15791026  0.03011848],"[[0.23880418]
 [0.96596425]
 [0.0994265 ]]",[3.95161053]
99,"[[14.06890121  8.22602794 -1.59140056]
 [ 8.22602794 44.70699213 -6.32746764]
 [-1.59140056 -6.32746764 13.22410665]]",,[0.55884339 0.38713255 0.23987746],[ 0.11644887 -0.15395053  0.00933685],[-0.03965814 -0.15768223  0.03050507],"[[0.24523527]
 [0.96467688]
 [0.09621945]]",[3.93314332]
100,"[[14.06422784  8.21475297 -1.60280982]
 [ 8.21475297 44.69123932 -6.37850458]
 [-1.60280982 -6.37850458 13.24453283]]",,[0.5596509  0.38607201 0.23993608],[ 0.11426504 -0.14911131  0.00858516],[-0.03959586 -0.15757475  0.03074497],"[[0.24869276]
 [0.96372321]
 [0.09689936]]",[3.9104631]
101,"[[14.06247651  8.20843716 -1.61768488]
 [ 8.20843716 44.66870693 -6.43821376]
 [-1.61768488 -6.43821376 13.26881656]]",,[0.560806   0.38455221 0.24002093],[ 0.11480294 -0.15349253  0.00723465],[-0.03956224 -0.1574535   0.03103028],"[[0.25336123]
 [0.96240192]
 [0.09793181]]",[3.87967871]
102,"[[14.05911598  8.19702711 -1.64224337]
 [ 8.19702711 44.63111647 -6.53752073]
 [-1.64224337 -6.53752073 13.30976755]]",,[0.56274679 0.3819683  0.24016151],[ 0.11076228 -0.14672995  0.00926298],[-0.03949801 -0.15723558  0.03150155],"[[0.26116433]
 [0.96017554]
 [0.09927806]]",[3.8304561]
103,"[[14.05663528  8.18828879 -1.66164018]
 [ 8.18828879 44.60085732 -6.61565508]
 [-1.66164018 -6.61565508 13.3425074 ]]",,[0.56405619 0.38023388 0.2402909 ],[ 0.10717785 -0.14249036  0.01044075],[-0.03944316 -0.15703903  0.03186775],"[[0.26670935]
 [0.95859802]
 [0.09977951]]",[3.7969915]
104,"[[14.0545149   8.1817453  -1.67348405]
 [ 8.1817453  44.58236582 -6.66435675]
 [-1.67348405 -6.66435675 13.36311928]]",,[0.56491437 0.37909772 0.24037545],[ 0.1089402  -0.14388134  0.0105283 ],[-0.03940423 -0.15692045  0.03209631],"[[0.27003231]
 [0.95762142]
 [0.10021857]]",[3.77526343]
105,"[[14.05479698  8.17704635 -1.69894486]
 [ 8.17704635 44.5404834  -6.760936  ]
 [-1.69894486 -6.760936   13.40471962]]",,[0.56625236 0.37731457 0.2405058 ],[ 0.11393173 -0.15097996  0.01160476],[-0.03935813 -0.15662533  0.03254204],"[[0.27819436]
 [0.9558205 ]
 [0.09494772]]",[3.75721069]
106,"[[14.04345312  8.15111176 -1.71697082]
 [ 8.15111176 44.51389631 -6.84880946]
 [-1.71697082 -6.84880946 13.44265057]]",,[0.56777058 0.37524389 0.24063066],[ 0.11729993 -0.1584579   0.01224558],[-0.03921884 -0.15643968  0.03295285],"[[0.28349208]
 [0.9539212 ]
 [0.09831882]]",[3.70684563]
107,"[[14.03473824  8.13128742 -1.72990807]
 [ 8.13128742 44.49451636 -6.91311511]
 [-1.72990807 -6.91311511 13.4707454 ]]",,[0.56928419 0.37317452 0.24076703],[ 0.11591281 -0.15842629  0.01182167],[-0.03912845 -0.15636639  0.0332665 ],"[[0.2888689 ]
 [0.95189745]
 [0.10220567]]",[3.66141632]
108,"[[13.97226782  8.00976643 -1.71914018]
 [ 8.00976643 44.52923237 -6.98176543]
 [-1.71914018 -6.98176543 13.49849981]]",,[0.57136835 0.37032172 0.24097365],[ 0.11657978 -0.15953904  0.01247104],[-0.03851702 -0.15642516  0.03357361],"[[0.2899915 ]
 [0.95059285]
 [0.1108069 ]]",[3.61550099]
109,"[[13.93808876  7.93831786 -1.73150707]
 [ 7.93831786 44.51496623 -7.09216926]
 [-1.73150707 -7.09216926 13.54694501]]",,[0.57329038 0.3677065  0.2412063 ],[ 0.11013483 -0.14775739  0.01572529],[-0.03814355 -0.15623415  0.03407782],"[[0.30303173]
 [0.94659794]
 [0.11010951]]",[3.56505897]
110,"[[13.92217632  7.90138052 -1.75264696]
 [ 7.90138052 44.47975418 -7.20450587]
 [-1.75264696 -7.20450587 13.59806951]]",,[0.57535748 0.36494538 0.24153562],[ 0.10807542 -0.1458861   0.01768986],[-0.03796239 -0.15604981  0.03461423],"[[0.31475397]
 [0.94275919]
 [0.11015922]]",[3.51581111]
111,"[[13.91621843  7.88396415 -1.7762544 ]
 [ 7.88396415 44.43726798 -7.30810528]
 [-1.7762544  -7.30810528 13.6465136 ]]",,[0.57744929 0.36211153 0.24186829],[ 0.11827227 -0.16198489  0.01840109],[-0.03789572 -0.1559157   0.03512775],"[[0.32400008]
 [0.93934378]
 [0.11250432]]",[3.46315326]
112,"[[13.92374694  7.89154183 -1.8104295 ]
 [ 7.89154183 44.37246609 -7.42669416]
 [-1.8104295  -7.42669416 13.70378698]]",,[0.57935324 0.35953496 0.24218509],[ 0.11917157 -0.16367384  0.01759812],[-0.03795006 -0.1556777   0.03571463],"[[0.33244028]
 [0.93633295]
 [0.11297819]]",[3.42175908]
113,"[[13.91543411  7.8698343  -1.83096923]
 [ 7.8698343  44.3343369  -7.52279827]
 [-1.83096923 -7.52279827 13.75022899]]",,[0.58137475 0.35686646 0.24257703],[ 0.11853301 -0.15509595  0.02474665],[-0.03786836 -0.15558757  0.03619848],"[[0.33873319]
 [0.93358513]
 [0.11695568]]",[3.37684242]
114,"[[13.91396423  7.85831076 -1.8671918 ]
 [ 7.85831076 44.2644734  -7.66627359]
 [-1.8671918  -7.66627359 13.82156237]]",,[0.58402412 0.35342136 0.24313728],[ 0.11222874 -0.14137217  0.02825341],[-0.03783662 -0.15534875  0.03691199],"[[0.35250521]
 [0.92831013]
 [0.11823863]]",[3.31927355]
115,"[[13.90633858  7.83836956 -1.88521209]
 [ 7.83836956 44.2293417  -7.75150292]
 [-1.88521209 -7.75150292 13.86431973]]",,[0.58579964 0.35114675 0.24357563],[ 0.11139484 -0.14470375  0.02718995],[-0.03776165 -0.15526609  0.03734316],"[[0.36048414]
 [0.92499701]
 [0.12013209]]",[3.28357763]
116,"[[13.89213342  7.80615325 -1.89752626]
 [ 7.80615325 44.20493212 -7.82840182]
 [-1.89752626 -7.82840182 13.90293446]]",,[0.58756964 0.34875779 0.2439592 ],[ 0.11548322 -0.16093586  0.02211369],[-0.03762637 -0.15523073  0.03773361],"[[0.3683618 ]
 [0.92156892]
 [0.12255737]]",[3.24475453]
117,"[[13.88340127  7.78264916 -1.91979615]
 [ 7.78264916 44.15970441 -7.93304123]
 [-1.91979615 -7.93304123 13.95689433]]",,[0.58955541 0.3460363  0.24437943],[ 0.11436717 -0.15673009  0.02436578],[-0.03753819 -0.15511647  0.03826358],"[[0.37941486]
 [0.91702377]
 [0.12292997]]",[3.20459591]
118,"[[13.86778654  7.7485165  -1.92670209]
 [ 7.7485165  44.14473746 -7.99292777]
 [-1.92670209 -7.99292777 13.987476  ]]",,[0.59093517 0.34414417 0.2446751 ],[ 0.11504452 -0.16020261  0.0230077 ],[-0.03739364 -0.1551276   0.03857315],"[[0.38471194]
 [0.91445199]
 [0.12559571]]",[3.17567397]
119,"[[13.84539776  7.6932823  -1.9601617 ]
 [ 7.6932823  44.07253952 -8.1717219 ]
 [-1.9601617  -8.1717219  14.08206272]]",,[0.59286033 0.34146466 0.24506258],[ 0.11045024 -0.15103527  0.02443946],[-0.03716237 -0.15492628  0.03947347],"[[0.39939049]
 [0.90823391]
 [0.12489355]]",[3.12892099]
120,"[[13.83566665  7.67078884 -1.9680767 ]
 [ 7.67078884 44.05429562 -8.22409711]
 [-1.9680767  -8.22409711 14.11003773]]",,[0.59393155 0.33998889 0.24530197],[ 0.10485085 -0.14593936  0.02368316],[-0.03707287 -0.1549182   0.03974701],"[[0.40457438]
 [0.90576028]
 [0.12616608]]",[3.10697434]
121,"[[13.86239524  7.72241941 -1.98543471]
 [ 7.72241941 44.02100195 -8.23260243]
 [-1.98543471 -8.23260243 14.11660281]]",,[0.59498708 0.33854236 0.24555705],[ 0.10533458 -0.14386034  0.02617149],[-0.03736105 -0.15491754  0.03982931],"[[0.40829192]
 [0.90366563]
 [0.12917485]]",[3.08366598]
122,"[[13.85157009  7.69788729 -1.99267228]
 [ 7.69788729 44.00390251 -8.28451845]
 [-1.99267228 -8.28451845 14.1445274 ]]",,[0.59641479 0.33653229 0.24588525],[ 0.1113142  -0.158066    0.02498684],[-0.03726686 -0.15493666  0.04010685],"[[0.41111797]
 [0.90211977]
 [0.13100361]]",[3.06494268]
123,"[[13.80577798  7.59803781 -2.00424411]
 [ 7.59803781 43.96969912 -8.43310903]
 [-2.00424411 -8.43310903 14.22452291]]",,[0.59721678 0.33537548 0.24605231],[ 0.11414973 -0.16311285  0.02634329],[-0.03678741 -0.15478765  0.04083057],"[[0.41870651]
 [0.8985812 ]
 [0.13128853]]",[3.03795383]
124,"[[13.79386179  7.57050689 -2.01209092]
 [ 7.57050689 43.94926987 -8.49148371]
 [-2.01209092 -8.49148371 14.25686834]]",,[0.59836396 0.3337366  0.24630498],[ 0.11419948 -0.16189163  0.02656592],[-0.03667948 -0.15479581  0.04114166],"[[0.42442178]
 [0.89569015]
 [0.132685  ]]",[3.0141202]
125,"[[13.81750513  7.61865311 -2.02063967]
 [ 7.61865311 43.93601721 -8.47015638]
 [-2.02063967 -8.47015638 14.24647765]]",,[0.59973673 0.33181726 0.24662594],[ 0.11336183 -0.15728599  0.02745513],[-0.03696346 -0.15494414  0.0410947 ],"[[0.43138663]
 [0.89195296]
 [0.13537168]]",[2.98382643]
126,"[[13.81607633  7.61470714 -2.02406768]
 [ 7.61470714 43.92804383 -8.48680329]
 [-2.02406768 -8.48680329 14.25587983]]",,[0.60065298 0.33055408 0.24684843],[ 0.11335224 -0.15648329  0.02730758],[-0.03695756 -0.15496101  0.04119023],"[[0.43558337]
 [0.88984208]
 [0.13582417]]",[2.97255633]
127,"[[13.81040012  7.60162232 -2.02785449]
 [ 7.60162232 43.9181717  -8.51468347]
 [-2.02785449 -8.51468347 14.27142818]]",,[0.60168097 0.32913363 0.24709642],[ 0.11369608 -0.15914897  0.02638529],[-0.03691378 -0.1549959   0.04134764],"[[0.44052767]
 [0.88728227]
 [0.13662188]]",[2.95744989]
128,"[[13.79667155  7.5701171  -2.03604374]
 [ 7.5701171  43.89602074 -8.57869074]
 [-2.03604374 -8.57869074 14.30730772]]",,[0.60353901 0.32663477 0.24762649],[ 0.10888075 -0.14639846  0.03277328],[-0.03681078 -0.15509899  0.04171512],"[[0.44971243]
 [0.88227357]
 [0.13911175]]",[2.92598427]
129,"[[13.73306869  7.42908421 -2.04832948]
 [ 7.42908421 43.84599226 -8.78050148]
 [-2.04832948 -8.78050148 14.42093905]]",,[0.60461163 0.32524708 0.24797535],[ 0.10635887 -0.13920203  0.03377178],[-0.03613114 -0.15488209  0.04270372],"[[0.45498629]
 [0.87935151]
 [0.14045783]]",[2.90711642]
130,"[[13.76789701  7.50456493 -2.04947255]
 [ 7.50456493 43.85620796 -8.69982793]
 [-2.04947255 -8.69982793 14.37589503]]",,[0.60561347 0.32392617 0.24829614],[ 0.11226381 -0.14836515  0.03619873],[-0.03656812 -0.15522841  0.04239238],"[[0.46057774]
 [0.87595391]
 [0.14343251]]",[2.88309259]
131,"[[13.70491536  7.36374507 -2.06045509]
 [ 7.36374507 43.80494626 -8.89936611]
 [-2.06045509 -8.89936611 14.49013838]]",,[0.60873839 0.31959056 0.24922299],[ 0.1146659  -0.15819443  0.03583493],[-0.03597806 -0.15539381  0.04348086],"[[0.47592574]
 [0.86703067]
 [0.14748731]]",[2.83006894]
132,"[[13.7237864   7.40497519 -2.06184703]
 [ 7.40497519 43.81000712 -8.85720305]
 [-2.06184703 -8.85720305 14.46620648]]",,[0.60942381 0.3186349  0.24943459],[ 0.11444441 -0.16070288  0.03536013],[-0.03622423 -0.15561066  0.04332835],"[[0.47980986]
 [0.864542  ]
 [0.14949793]]",[2.81278499]
133,"[[13.68639947  7.32066324 -2.06744469]
 [ 7.32066324 43.77901272 -8.97478123]
 [-2.06744469 -8.97478123 14.53458781]]",,[0.61189557 0.31517138 0.25013316],[ 0.10816462 -0.14885288  0.03129537],[-0.03589986 -0.15584135  0.0440115 ],"[[0.49173504]
 [0.85725179]
 [0.15269583]]",[2.77284466]
134,"[[13.68138614  7.3088943  -2.06951829]
 [ 7.3088943  43.77136677 -8.99608367]
 [-2.06951829 -8.99608367 14.54724709]]",,[0.61253249 0.31429517 0.25031763],[ 0.10573674 -0.14295377  0.03116468],[-0.03587257 -0.15593611  0.04415341],"[[0.49510706]
 [0.85509045]
 [0.15391337]]",[2.76068006]
135,"[[13.68093833  7.30807964 -2.06886401]
 [ 7.30807964 43.77274678 -8.99463275]
 [-2.06886401 -8.99463275 14.54631489]]",,[0.61315414 0.31344952 0.25050844],[ 0.10308009 -0.14136343  0.0305499 ],[-0.03590144 -0.15608578  0.04418674],"[[0.49826329]
 [0.85303038]
 [0.15515432]]",[2.74993065]
136,"[[13.67499807  7.2942136  -2.07093215]
