,D,eigen_values_obs,pos,vel,des_vel,normals,dists
0,"[[19.31957679 14.48243673  0.43311248]
 [14.48243673 40.65479517  0.85695175]
 [ 0.43311248  0.85695175 12.02562804]]",,[0.64985621 0.08577483 0.25015306],[ 0.00015671 -0.00191648 -0.0004965 ],[-0.09358778 -0.18517179 -0.00553776],"[[0.9630571 ]
 [0.        ]
 [0.26929726]]",[10.65351274]
1,"[[20.32309141  6.2517391  13.8301554 ]
 [ 6.2517391  16.6958804  10.3882703 ]
 [13.8301554  10.3882703  34.98102819]]",,[0.64985384 0.08574686 0.25013451],[-0.00241548 -0.00542622 -0.00437403],[0.12020737 0.09029158 0.19974388],"[[ 0.97170559]
 [-0.03668401]
 [ 0.23332924]]",[0.55090415]
2,"[[19.44884017  6.07310339 13.25859877]
 [ 6.07310339 16.95145337 10.8098495 ]
 [13.25859877 10.8098495  35.59970646]]",,[0.64983589 0.08542524 0.25005964],[-0.0024674  -0.03459281 -0.00955655],[0.11371901 0.09271609 0.2024147 ],"[[ 0.99926826]
 [-0.03800089]
 [ 0.00434392]]",[-0.50335391]
3,"[[19.0400005   3.72938118 13.7829651 ]
 [ 3.72938118 13.97560838  7.30141008]
 [13.7829651   7.30141008 38.98439112]]",,[0.64993128 0.08515411 0.25009119],[ 0.013507   -0.02075086  0.00793813],[0.11055416 0.05856514 0.21644376],"[[ 0.99922667]
 [-0.03686066]
 [ 0.01368749]]",[-0.48839404]
4,"[[ 12.32861778   3.13719379  -1.37122776]
 [  3.13719379  41.94964199 -13.09061005]
 [ -1.37122776 -13.09061005  17.72174023]]",,[0.65039712 0.0851361  0.25047994],[ 0.05316331 -0.0011521   0.04719627],[-0.0238855  -0.22802611  0.09966733],"[[ 0.98873606]
 [-0.04060368]
 [ 0.14405676]]",[-0.18961077]
5,"[[13.81719791  7.59312685 -2.11218868]
 [ 7.59312685 43.72773598 -8.82574016]
 [-2.11218868 -8.82574016 14.45506611]]",,[0.65101616 0.0850355  0.25098117],[ 0.06728317 -0.00011776  0.05372882],[-0.05616812 -0.23469741  0.06528604],"[[ 0.97230841]
 [-0.03933112]
 [ 0.23036801]]",[0.52642701]
6,"[[14.83685129  9.48874621 -2.01062591]
 [ 9.48874621 43.73811224 -6.72517416]
 [-2.01062591 -6.72517416 13.42503647]]",,[0.65165909 0.08458521 0.25145811],[ 0.0581619  -0.05622496  0.04289413],[-0.07017898 -0.23473579  0.04973954],"[[ 0.96365275]
 [-0.03930985]
 [ 0.26425009]]",[0.94106545]
7,"[[14.95106008  9.67349028 -1.98821356]
 [ 9.67349028 43.70942359 -6.51730701]
 [-1.98821356 -6.51730701 13.33951633]]",,[0.65219861 0.08362105 0.25204339],[ 0.04787265 -0.09051636  0.05832733],[-0.07157771 -0.23462967  0.04822395],"[[ 0.9617284 ]
 [-0.04086811]
 [ 0.27093963]]",[0.97576262]
8,"[[ 14.44714812  -3.35297582   8.41821547]
 [ -3.35297582  16.59410149 -11.53427234]
 [  8.41821547 -11.53427234  40.95875039]]",,[0.65266762 0.0827553  0.25268565],[ 0.0510221  -0.10246491  0.07063046],[ 0.06518068 -0.08930773  0.22422223],"[[ 0.96454301]
 [-0.04100254]
 [ 0.26072126]]",[0.8192829]
9,"[[16.32669493 -2.03959022 11.52739347]
 [-2.03959022 12.96145634 -5.43397659]
 [11.52739347 -5.43397659 42.71184873]]",,[0.65306076 0.0818679  0.25324807],[ 0.04881795 -0.11068804  0.06766721],[ 0.08666962 -0.04085578  0.23090947],"[[ 0.96802797]
 [-0.04161001]
 [ 0.24736706]]",[0.64846079]
10,"[[ 13.8614074   -3.52853312   7.14809646]
 [ -3.52853312  18.68878073 -13.55012077]
 [  7.14809646 -13.55012077  39.44981186]]",,[0.65373059 0.08064413 0.25399611],[ 0.05985394 -0.09793433  0.06064446],[ 0.05684725 -0.10776116  0.21830237],"[[ 0.97001501]
 [-0.04109115]
 [ 0.23954624]]",[0.57161185]
11,"[[ 13.41097911   6.58547202  -2.33151116]
 [  6.58547202  42.73641653 -10.88187724]
 [ -2.33151116 -10.88187724  15.85260436]]",,[0.65447553 0.07971302 0.25474646],[ 0.07866134 -0.0940287   0.08341843],[-0.0494936  -0.23100181  0.08178355],"[[ 0.96961466]
 [-0.04117651]
 [ 0.24114705]]",[0.58958925]
12,"[[14.26140451  8.47257413 -2.12417035]
 [ 8.47257413 43.74333119 -7.95841286]
 [-2.12417035 -7.95841286 13.99526429]]",,[0.65527015 0.07864201 0.25564715],[ 0.07847517 -0.11105026  0.09424381],[-0.0626582  -0.23475509  0.05885576],"[[ 0.96710975]
 [-0.04130226]
 [ 0.25098379]]",[0.65950286]
13,"[[14.452021    8.82153525 -2.10733594]
 [ 8.82153525 43.73687512 -7.58147596]
 [-2.10733594 -7.58147596 13.81110388]]",,[0.65602024 0.07719091 0.25658698],[ 0.07360717 -0.15366715  0.09618803],[-0.06524554 -0.23473121  0.05607386],"[[ 0.96596976]
 [-0.0400179 ]
 [ 0.25554058]]",[0.73879059]
14,"[[14.58608181  9.05740357 -2.09154647]
 [ 9.05740357 43.72233727 -7.32536008]
 [-2.09154647 -7.32536008 13.69158092]]",,[0.65669428 0.07557267 0.25753615],[ 0.06359268 -0.16379801  0.08954864],[-0.06700541 -0.23467744  0.054192  ],"[[ 0.96452795]
 [-0.0398472 ]
 [ 0.260956  ]]",[0.7873048]
15,"[[14.60663622  9.0877533  -2.1111825 ]
 [ 9.0877533  43.68346213 -7.36040787]
 [-2.1111825  -7.36040787 13.70990165]]",,[0.65731181 0.07399504 0.25844143],[ 0.05900878 -0.15998476  0.08496615],[-0.06727117 -0.2345336   0.05448467],"[[ 0.9633198 ]
 [-0.04109799]
 [ 0.26519034]]",[0.80214538]
16,"[[13.95712281  7.78881258 -2.4414115 ]
 [ 7.78881258 42.99734009 -9.71614889]
 [-2.4414115  -9.71614889 15.0455371 ]]",,[0.65783735 0.0724956  0.25928   ],[ 0.0494667  -0.14645817  0.08169523],[-0.0582905  -0.23198023  0.07271445],"[[ 0.96158253]
 [-0.04202223]
 [ 0.27128062]]",[0.80159736]
17,"[[13.96307486  7.79696215 -2.45446805]
 [ 7.79696215 42.96805929 -9.74868296]
 [-2.45446805 -9.74868296 15.06886584]]",,[0.65824758 0.07099901 0.26003236],[ 0.03727129 -0.15254792  0.07548677],[-0.05837907 -0.23187064  0.07299241],"[[ 0.96076709]
 [-0.04178175]
 [ 0.27419132]]",[0.80591689]
18,"[[14.39499255  8.67258383 -2.29565503]
 [ 8.67258383 43.40456971 -8.31286958]
 [-2.29565503 -8.31286958 14.20043775]]",,[0.65853015 0.06924902 0.26075223],[ 0.02392099 -0.17955345  0.07243343],[-0.06448235 -0.23349908  0.0618078 ],"[[ 0.95991279]
 [-0.0418298 ]
 [ 0.27716007]]",[0.81559494]
19,"[[14.83225872  9.46746583 -2.07526269]
 [ 9.46746583 43.64714742 -6.93703526]
 [-2.07526269 -6.93703526 13.52059386]]",,[0.65870157 0.06573943 0.26188694],[ 0.00406563 -0.22817576  0.07066446],[-0.07012215 -0.23439916  0.05138015],"[[ 0.95820896]
 [-0.040668  ]
 [ 0.28316372]]",[0.83601441]
20,"[[14.90018459  9.57992974 -2.0543906 ]
 [ 9.57992974 43.64455607 -6.78609135]
 [-2.0543906  -6.78609135 13.45525934]]",,[0.6587099  0.06266167 0.26277324],[ 0.00043302 -0.22874433  0.06685002],[-0.07095803 -0.23438956  0.05026422],"[[ 0.9554592 ]
 [-0.04379619]
 [ 0.29185546]]",[0.8362172]
21,"[[14.92176227  9.61409189 -2.05328613]
 [ 9.61409189 43.63527847 -6.7563613 ]
 [-2.05328613 -6.7563613  13.44295926]]",,[0.65872534 0.06093892 0.26328903],[ 0.00206422 -0.21452319  0.06180466],[-0.07122151 -0.2343552   0.05005135],"[[ 0.95638342]
 [-0.04284976]
 [ 0.28895441]]",[0.85425943]
22,"[[14.96392959  9.68100946 -2.04808259]
 [ 9.68100946 43.62084033 -6.68960122]
 [-2.04808259 -6.68960122 13.41523008]]",,[0.65877676 0.05825468 0.26406383],[ 0.0046874  -0.2077202   0.06048299],[-0.07173361 -0.23430171  0.0495681 ],"[[ 0.95526503]
 [-0.042825  ]
 [ 0.29263414]]",[0.86399547]
23,"[[14.99819715  9.73447731 -2.04593807]
 [ 9.73447731 43.60567632 -6.64270453]
 [-2.04593807 -6.64270453 13.39612654]]",,[0.6588451  0.05600205 0.2647081 ],[ 0.0078404  -0.22966103  0.06802845],[-0.0721471  -0.23424552  0.04923242],"[[ 0.95432007]
 [-0.04062244]
 [ 0.29601187]]",[0.88017802]
24,"[[15.04486855  9.80721088 -2.04025933]
 [ 9.80721088 43.58802543 -6.57146709]
 [-2.04025933 -6.57146709 13.36710602]]",,[0.65890235 0.05349879 0.26542917],[ 0.00402981 -0.2503546   0.07067776],[-0.07270647 -0.23418011  0.04871805],"[[ 0.95316613]
 [-0.04071337]
 [ 0.29969444]]",[0.89127079]
25,"[[15.05600604  9.82091702 -2.05587775]
 [ 9.82091702 43.56093605 -6.60686024]
 [-2.05587775 -6.60686024 13.38305791]]",,[0.65896224 0.05039048 0.26625822],[ 0.00408127 -0.25489509  0.06671149],[-0.07283932 -0.23407967  0.04900145],"[[ 0.95183546]
 [-0.04071514]
 [ 0.30389394]]",[0.90043242]
26,"[[14.99799192  9.72125108 -2.10642614]
 [ 9.72125108 43.52200707 -6.83027103]
 [-2.10642614 -6.83027103 13.48000101]]",,[0.65901485 0.04843494 0.26678603],[ 0.00606326 -0.23694855  0.06452621],[-0.07214463 -0.23393526  0.05068971],"[[ 0.95065784]
 [-0.04260909]
 [ 0.30730136]]",[0.89862026]
27,"[[15.03118468  9.77304935 -2.10287288]
 [ 9.77304935 43.50995524 -6.78001592]
 [-2.10287288 -6.78001592 13.45886008]]",,[0.65914254 0.04600266 0.26749318],[ 0.0122722  -0.21856074  0.06346611],[-0.07254291 -0.23389054  0.05032637],"[[ 0.9499619 ]
 [-0.04187428]
 [ 0.30954633]]",[0.90950839]
28,"[[15.13232523  9.93511613 -2.06051312]
 [ 9.93511613 43.51222347 -6.53554009]
 [-2.06051312 -6.53554009 13.3554513 ]]",,[0.65932284 0.04352492 0.26823762],[ 0.01380101 -0.20604186  0.05916058],[-0.07374323 -0.23389896  0.04850994],"[[ 0.94903117]
 [-0.04169866]
 [ 0.3124117 ]]",[0.92158186]
29,"[[15.23255389 10.09252584 -2.015802  ]
 [10.09252584 43.51040359 -6.29364101]
 [-2.015802   -6.29364101 13.25704252]]",,[0.65941957 0.04157601 0.26876327],[ 0.00958559 -0.21431545  0.05717362],[-0.07491377 -0.2338922   0.04671579],"[[ 0.94841552]
 [-0.04016169]
 [ 0.31447582]]",[0.93642801]
30,"[[15.26189479 10.13640912 -2.01033951]
 [10.13640912 43.49911216 -6.24717383]
 [-2.01033951 -6.24717383 13.23899305]]",,[0.65946784 0.03966704 0.26922591],[ 0.00522554 -0.23878115  0.05906899],[-0.07525299 -0.23385029  0.04637919],"[[ 0.94761876]
 [-0.0401298 ]
 [ 0.31687265]]",[0.94338623]
31,"[[15.22455617 10.07337841 -2.05263416]
 [10.07337841 43.46881223 -6.41234313]
 [-2.05263416 -6.41234313 13.3066316 ]]",,[0.65949395 0.03699553 0.26983619],[ 0.00285249 -0.27324209  0.06314422],[-0.07482104 -0.23373779  0.04762833],"[[ 0.94674033]
 [-0.04125914]
 [ 0.31934374]]",[0.94805606]
32,"[[15.21269193 10.05079419 -2.07775264]
 [10.05079419 43.44355768 -6.50017638]
 [-2.07775264 -6.50017638 13.34375039]]",,[0.65951016 0.03424394 0.27044257],[ 0.00256004 -0.2724588   0.06109115],[-0.07468327 -0.23364398  0.0483001 ],"[[ 0.94519311]
 [-0.04201666]
 [ 0.32379714]]",[0.94941021]
33,"[[15.34167551 10.25138997 -2.01060361]
 [10.25138997 43.44859397 -6.16800811]
 [-2.01060361 -6.16800811 13.20973052]]",,[0.65956241 0.03173704 0.27102732],[ 0.00581049 -0.24402398  0.0542266 ],[-0.07616771 -0.23366269  0.04582823],"[[ 0.94313758]
 [-0.0420921 ]
 [ 0.32972678]]",[0.95068777]
34,"[[15.40791037 10.35075321 -1.98313593]
 [10.35075321 43.43806043 -6.02332466]
 [-1.98313593 -6.02332466 13.15402921]]",,[0.65965873 0.02921244 0.27162183],[ 0.00942643 -0.22762262  0.05727729],[-0.07691886 -0.23362356  0.04476073],"[[ 0.94265917]
 [-0.04201843]
 [ 0.33110141]]",[0.96140083]
35,"[[15.4656757  10.43430841 -1.96942257]
 [10.43430841 43.41517017 -5.92945339]
 [-1.96942257 -5.92945339 13.11915413]]",,[0.6597646  0.02661998 0.27219134],[ 0.00982405 -0.24255015  0.05410148],[-0.07756802 -0.23353849  0.0440792 ],"[[ 0.94191326]
 [-0.04369758]
 [ 0.33300141]]",[0.97323626]
36,"[[15.50824872 10.49487431 -1.96131539]
 [10.49487431 43.39526173 -5.86724608]
 [-1.96131539 -5.86724608 13.09648955]]",,[0.65984968 0.02371585 0.27279373],[ 0.00623802 -0.26540714  0.0537536 ],[-0.078043   -0.23346448  0.04363058],"[[ 0.94146735]
 [-0.04292386]
 [ 0.33436025]]",[0.99008952]
37,"[[15.54257546 10.54277669 -1.95773727]
 [10.54277669 43.3755181  -5.82626597]
 [-1.95773727 -5.82626597 13.08190644]]",,[0.65991775 0.02120163 0.27331126],[ 0.00917513 -0.2814316   0.05845278],[-0.07842388 -0.23339106  0.04333947],"[[ 0.94104183]
 [-0.04153629]
 [ 0.33573056]]",[1.00548606]
38,"[[15.57818659 10.59244298 -1.95229349]
 [10.59244298 43.35662304 -5.77934016]
 [-1.95229349 -5.77934016 13.06519036]]",,[0.65999351 0.01895588 0.27375287],[ 0.00800191 -0.27745581  0.05393046],[-0.07881706 -0.23332077  0.04300336],"[[ 0.94039528]
 [-0.04164402]
 [ 0.33752407]]",[1.01449911]
39,"[[15.36370573 10.26406633 -2.10424154]
 [10.26406633 43.31993879 -6.42091683]
 [-2.10424154 -6.42091683 13.31635548]]",,[0.66010362 0.01624689 0.27428864],[ 0.01098739 -0.26257031  0.05480291],[-0.07641837 -0.23318425  0.04780522],"[[ 0.94037446]
 [-0.04123653]
 [ 0.33763207]]",[1.02492272]
40,"[[15.37011054 10.26844215 -2.12730587]
 [10.26844215 43.28707586 -6.48172128]
 [-2.12730587 -6.48172128 13.34281359]]",,[0.66022742 0.01374685 0.27478322],[ 0.01189055 -0.2408489   0.04860245],[-0.07649109 -0.23306188  0.04828326],"[[ 0.93913849]
 [-0.04208485]
 [ 0.34095125]]",[1.02904086]
41,"[[15.40812867 10.32380876 -2.1204395 ]
 [10.32380876 43.27259494 -6.42317649]
 [-2.1204395  -6.42317649 13.31927639]]",,[0.66033053 0.01138284 0.27523816],[ 0.00822542 -0.23559963  0.04300193],[-0.07692132 -0.23300794  0.04785823],"[[ 0.93847348]
 [-0.04206836]
 [ 0.34277949]]",[1.03783596]
42,"[[15.67663789 10.72088067 -1.97585823]
 [10.72088067 43.26151814 -5.76149758]
 [-1.97585823 -5.76149758 13.06184397]]",,[0.66038435 0.00815235 0.27579824],[ 0.00318848 -0.25168138  0.04353644],[-0.079894   -0.23296667  0.04293576],"[[ 0.93741709]
 [-0.04005967]
 [ 0.34589654]]",[1.04787495]
43,"[[15.73889425 10.80858417 -1.94817123]
 [10.80858417 43.2460005  -5.6318717 ]
 [-1.94817123 -5.6318717  13.01510524]]",,[0.66039636 0.00628307 0.27609597],[ 0.00317403 -0.26464174  0.04514265],[-0.08056759 -0.23290884  0.04198018],"[[ 0.93701349]
 [-0.04008503]
 [ 0.34698547]]",[1.05449176]
44,"[[15.77223298 10.85347841 -1.94233159]
 [10.85347841 43.22765594 -5.58848143]
 [-1.94233159 -5.58848143 13.00011108]]",,[0.66041094 0.00328989 0.27655363],[ 0.00218731 -0.26809023  0.04127844],[-0.08092599 -0.23284046  0.04166898],"[[ 0.93647647]
 [-0.03997353]
 [ 0.34844503]]",[1.06342045]
45,"[[15.7499793  10.81852557 -1.97393375]
 [10.81852557 43.21097111 -5.69471218]
 [-1.97393375 -5.69471218 13.03904959]]",,[0.6604311  0.0010044  0.27688585],[ 0.00156308 -0.24384157  0.03573216],[-0.08068693 -0.23277825  0.04247241],"[[ 0.93583842]
 [-0.04182065]
 [ 0.34993926]]",[1.06652924]
46,"[[15.82102191 10.91696874 -1.94328945]
 [10.91696874 43.19066293 -5.55213519]
 [-1.94328945 -5.55213519 12.98831516]]",,[ 0.66044979 -0.00135125  0.27721336],[ 0.00253646 -0.23610121  0.03377596],[-0.08144764 -0.23270251  0.04142252],"[[ 0.93497932]
 [-0.04205164]
 [ 0.3522007 ]]",[1.06898843]
47,"[[15.76761586 10.83983955 -1.98421782]
 [10.83983955 43.18739428 -5.70880991]
 [-1.98421782 -5.70880991 13.04498985]]",,[ 0.66043882 -0.0037413   0.27752808],[-0.00092805 -0.2449094   0.03282683],[-0.08087645 -0.23269031  0.04259364],"[[ 0.93520506]
 [-0.04101187]
 [ 0.35172365]]",[1.07634045]
48,"[[15.90849519 11.03422664 -1.91711619]
 [11.03422664 43.15115967 -5.41228619]
 [-1.91711619 -5.41228619 12.94034515]]",,[ 0.66037972 -0.00660339  0.27788704],[-0.00573284 -0.26769732  0.03405365],[-0.08237464 -0.2325551   0.04040475],"[[ 0.93360313]
 [-0.04341433]
 [ 0.35566894]]",[1.07954882]
49,"[[15.86317168 10.97056133 -1.94855564]
 [10.97056133 43.15399105 -5.53347119]
 [-1.94855564 -5.53347119 12.98283727]]",,[ 0.66031125 -0.00909136  0.27820199],[-0.00743297 -0.27685644  0.0358286 ],[-0.08189564 -0.23256567  0.04130756],"[[ 0.93439513]
 [-0.04096813]
 [ 0.35387477]]",[1.0901827]
50,"[[15.89059288 11.00618514 -1.94641196]
 [11.00618514 43.13564305 -5.50624829]
 [-1.94641196 -5.50624829 12.97376406]]",,[ 0.66022157 -0.01214361  0.27859578],[-0.00924037 -0.268095    0.0352011 ],[-0.08218577 -0.23249717  0.04111645],"[[ 0.93371664]
 [-0.04094967]
 [ 0.35566326]]",[1.09470671]
51,"[[15.9948352  11.14809224 -1.89087242]
 [11.14809224 43.11015954 -5.27671834]
 [-1.89087242 -5.27671834 12.89500526]]",,[ 0.66014898 -0.01448911  0.27888567],[-0.008949   -0.25723701  0.03019284],[-0.08327952 -0.23240201  0.03941863],"[[ 0.93013559]
 [-0.04588459]
 [ 0.36433828]]",[1.08368914]
52,"[[15.70973728 10.74704289 -2.07110124]
 [10.74704289 43.13399207 -5.99994346]
 [-2.07110124 -5.99994346 13.15627066]]",,[ 0.6600596  -0.01698361  0.27916652],[-0.00819745 -0.24204197  0.02719126],[-0.08025283 -0.23249101  0.04480418],"[[ 0.93266706]
 [-0.04090318]
 [ 0.35841189]]",[1.1001834]
53,"[[15.70046512 10.73153823 -2.0874361 ]
 [10.73153823 43.12201007 -6.05367151]
 [-2.0874361  -6.05367151 13.1775248 ]]",,[ 0.6599612  -0.01939026  0.27942346],[-0.00911568 -0.23986795  0.02640559],[-0.08015247 -0.23244627  0.04521409],"[[ 0.93157331]
 [-0.04088249]
 [ 0.36124756]]",[1.0959509]
54,"[[16.0437267  11.20601174 -1.9099048 ]
 [11.20601174 43.05420038 -5.29274534]
 [-1.9099048  -5.29274534 12.90207292]]",,[ 0.65982947 -0.02205371  0.2797223 ],[-0.01416096 -0.24233902  0.02684237],[-0.08378758 -0.2321929   0.03957397],"[[ 0.92999267]
 [-0.04444678]
 [ 0.36488096]]",[1.0950094]
55,"[[16.01049814 11.16159625 -1.9268126 ]
 [11.16159625 43.06377976 -5.36250199]
 [-1.9268126  -5.36250199 12.92572211]]",,[ 0.65969369 -0.02435223  0.27997973],[-0.0153799  -0.25921503  0.02958627],[-0.08344262 -0.23222871  0.04008936],"[[ 0.9313178 ]
 [-0.03949617]
 [ 0.36205967]]",[1.10712697]
56,"[[16.08637162 11.26030172 -1.90172299]
 [11.26030172 43.02860111 -5.24033951]
 [-1.90172299 -5.24033951 12.88502727]]",,[ 0.65952746 -0.02703637  0.2802654 ],[-0.01844655 -0.26806003  0.02731786],[-0.08422823 -0.23209718  0.03919829],"[[ 0.92960385]
 [-0.04448674]
 [ 0.36586557]]",[1.10620579]
57,"[[16.10721227 11.2859627  -1.90197136]
 [11.2859627  43.01202121 -5.22631322]
 [-1.90197136 -5.22631322 12.88076651]]",,[ 0.65931996 -0.03029506  0.28060101],[-0.01718571 -0.27043728  0.02835095],[-0.08444274 -0.23203516  0.03910382],"[[ 0.92898224]
 [-0.04445629]
 [ 0.36744474]]",[1.10808423]
58,"[[15.90730201 11.01496679 -2.01652424]
 [11.01496679 43.05198754 -5.6847276 ]
 [-2.01652424 -5.6847276  13.04071045]]",,[ 0.65918809 -0.03238771  0.28080647],[-0.01552516 -0.25626981  0.02582972],[-0.08236207 -0.23218463  0.04250634],"[[ 0.92973338]
 [-0.04100273]
 [ 0.36594345]]",[1.1132849]
59,"[[15.84283008 10.92434387 -2.05748654]
 [10.92434387 43.05557272 -5.8489941 ]
 [-2.05748654 -5.8489941  13.1015972 ]]",,[ 0.65907651 -0.03413267  0.28097812],[-0.0160154  -0.2473644   0.02670959],[-0.08167974 -0.23219803  0.04373208],"[[ 0.92868016]
 [-0.04092051]
 [ 0.36861724]]",[1.10780154]
60,"[[16.15590408 11.34362905 -1.91391952]
 [11.34362905 42.9626781  -5.22408426]
 [-1.91391952 -5.22408426 12.88141782]]",,[ 0.6588646  -0.03732821  0.28127679],[-0.01692644 -0.24493386  0.02269882],[-0.08494181 -0.23185049  0.03911827],"[[ 0.9289878 ]
 [-0.04541204]
 [ 0.36731379]]",[1.11181413]
61,"[[16.03865399 11.18828355 -1.9756338 ]
 [11.18828355 42.994903   -5.47309851]
 [-1.9756338  -5.47309851 12.96644301]]",,[ 0.65864115 -0.04040865  0.28156587],[-0.02018952 -0.26463007  0.02502854],[-0.08373501 -0.23197111  0.0409616 ],"[[ 0.93024082]
 [-0.04061045]
 [ 0.3646955 ]]",[1.11758862]
62,"[[16.16248147 11.35055245 -1.92042704]
 [11.35055245 42.95149897 -5.23675793]
 [-1.92042704 -5.23675793 12.88601956]]",,[ 0.6584853  -0.04251305  0.28177655],[-0.01901711 -0.26665446  0.02667636],[-0.085009   -0.23180863  0.03922026],"[[ 0.92941808]
 [-0.04384484]
 [ 0.3664146 ]]",[1.11691713]
63,"[[16.22088393 11.42634086 -1.89068634]
 [11.42634086 42.93220938 -5.1182707 ]
 [-1.89068634 -5.1182707  12.84690669]]",,[ 0.65828542 -0.04541096  0.28208017],[-0.01752817 -0.26226087  0.02873464],[-0.08560329 -0.23173639  0.03834481],"[[ 0.92662785]
 [-0.04708035]
 [ 0.37302046]]",[1.11499564]
64,"[[16.23601796 11.44767964 -1.87174498]
 [11.44767964 42.93692482 -5.0583206 ]
 [-1.87174498 -5.0583206  12.82705723]]",,[ 0.65813497 -0.04769416  0.28230515],[-0.01647111 -0.24713722  0.0244453 ],[-0.08575662 -0.23175405  0.03789279],"[[ 0.92381917]
 [-0.04673719]
 [ 0.37996549]]",[1.11126118]
65,"[[16.25792742 11.47474772 -1.86697778]
 [11.47474772 42.92345692 -5.03134434]
 [-1.86697778 -5.03134434 12.81861565]]",,[ 0.65797041 -0.05011182  0.28249972],[-0.0161105  -0.23605611  0.01851311],[-0.08597811 -0.2317036   0.03769891],"[[ 0.92354932]
 [-0.04661945]
 [ 0.38063536]]",[1.11769277]
66,"[[15.58555168 10.54835767 -2.22616937]
 [10.54835767 43.03228164 -6.54918207]
 [-2.22616937 -6.54918207 13.38216669]]",,[ 0.65777694 -0.05271699  0.28270172],[-0.01793388 -0.23764886  0.01775708],[-0.07889814 -0.23211094  0.04898566],"[[ 0.92847982]
 [-0.04170899]
 [ 0.36903331]]",[1.13314711]
67,"[[15.82691956 10.88957414 -2.13095423]
 [10.88957414 42.98649529 -6.06367176]
 [-2.13095423 -6.06367176 13.18658515]]",,[ 0.65760513 -0.05489829  0.28287621],[-0.01988068 -0.24431658  0.01960001],[-0.08151048 -0.23193964  0.0453877 ],"[[ 0.92711525]
 [-0.04356374]
 [ 0.37223582]]",[1.11925468]
68,"[[15.79274913 10.84103862 -2.1507916 ]
 [10.84103862 42.9875803  -6.14773452]
 [-2.1507916  -6.14773452 13.21967057]]",,[ 0.65739215 -0.05765922  0.28309922],[-0.01933641 -0.25197294  0.02041226],[-0.08114576 -0.23194371  0.04601612],"[[ 0.92707765]
 [-0.04013856]
 [ 0.37271427]]",[1.11606441]
69,"[[16.2200348  11.41592298 -1.94660258]
 [11.41592298 42.88204332 -5.26589619]
 [-1.94660258 -5.26589619 12.89792189]]",,[ 0.65721044 -0.06000231  0.283287  ],[-0.02078085 -0.2609703   0.02127692],[-0.08559468 -0.23154839  0.03948281],"[[ 0.92568345]
 [-0.04316737]
 [ 0.37582805]]",[1.10866949]
70,"[[16.16148107 11.3381617  -1.98531691]
 [11.3381617  42.89138421 -5.40909443]
 [-1.98531691 -5.40909443 12.94713472]]",,[ 0.65696168 -0.06290225  0.28348488],[-0.02387873 -0.26216309  0.01553124],[-0.08499879 -0.23158341  0.04055035],"[[ 0.92615185]
 [-0.04163524]
 [ 0.37484564]]",[1.11473436]
71,"[[16.23693068 11.4367787  -1.94371188]
 [11.4367787  42.87138236 -5.24667602]
 [-1.94371188 -5.24667602 12.89168697]]",,[ 0.65674476 -0.06518897  0.28362197],[-0.02422037 -0.25143079  0.0152067 ],[-0.08576586 -0.23150842  0.03934549],"[[ 0.92275889]
 [-0.04094501]
 [ 0.38319647]]",[1.10423428]
72,"[[16.30612395 11.52142284 -1.93250476]
 [11.52142284 42.82660546 -5.17059071]
 [-1.93250476 -5.17059071 12.86727059]]",,[ 0.65650211 -0.067688    0.28376839],[-0.02421221 -0.24972431  0.01644803],[-0.08646334 -0.23134047  0.03880307],"[[ 0.9245404 ]
 [-0.04508228]
 [ 0.37840804]]",[1.11643967]
73,"[[16.26057171 11.46559097 -1.94121968]
 [11.46559097 42.85496159 -5.22400098]
 [-1.94121968 -5.22400098 12.88446671]]",,[ 0.65624776 -0.07022074  0.28393368],[-0.02641298 -0.25644004  0.01599572],[-0.0860048  -0.23144684  0.03918587],"[[ 0.92510865]
 [-0.04180984]
 [ 0.37739358]]",[1.11397748]
74,"[[16.12919913 11.29363554 -2.01362347]
 [11.29363554 42.88884786 -5.50739475]
 [-2.01362347 -5.50739475 12.98195301]]",,[ 0.65597681 -0.07285498  0.28411423],[-0.02846863 -0.26501427  0.01722621],[-0.08466846 -0.2315739   0.04128898],"[[ 0.92541257]
 [-0.0402391 ]
 [ 0.37681878]]",[1.11732373]
75,"[[15.96183974 11.06840488 -2.10249134]
 [11.06840488 42.92239836 -5.87384321]
 [-2.10249134 -5.87384321 13.1157619 ]]",,[ 0.65570211 -0.07551393  0.284292  ],[-0.0263923  -0.25964927  0.01924768],[-0.08293488 -0.23169963  0.04401235],"[[ 0.92460429]
 [-0.04003493]
 [ 0.37881936]]",[1.11082292]
76,"[[16.1038933  11.25808978 -2.03804639]
 [11.25808978 42.88398655 -5.59091272]
 [-2.03804639 -5.59091272 13.01212015]]",,[ 0.65541445 -0.0782354   0.28445934],[-0.0271979  -0.24288595  0.01198731],[-0.08440862 -0.23155568  0.04191841],"[[ 0.92023687]
 [-0.0402048 ]
 [ 0.38929124]]",[1.09555247]
77,"[[16.35794399 11.58384479 -1.9258369 ]
 [11.58384479 42.79100153 -5.11906435]
 [-1.9258369  -5.11906435 12.85105448]]",,[ 0.65515772 -0.08052538  0.28457832],[-0.02497329 -0.2235584   0.01270558],[-0.08698204 -0.23120683  0.03843859],"[[ 0.91696274]
 [-0.04523002]
 [ 0.39640078]]",[1.09282481]
78,"[[16.28943655 11.49717146 -1.95844283]
 [11.49717146 42.81639046 -5.24930319]
 [-1.95844283 -5.24930319 12.89417299]]",,[ 0.65488497 -0.08280121  0.28468312],[-0.02929242 -0.2283451   0.0079675 ],[-0.08629565 -0.23130214  0.0394003 ],"[[ 0.91971122]
 [-0.04015645]
 [ 0.39053647]]",[1.09808978]
79,"[[16.29613913 11.50396021 -1.96547619]
 [11.50396021 42.80465893 -5.26304183]
 [-1.96547619 -5.26304183 12.89920195]]",,[ 0.65459762 -0.08506285  0.28477543],[-0.03292614 -0.25466666  0.00922953],[-0.08636304 -0.2312581   0.03951094],"[[ 0.92232458]
 [-0.04284026]
 [ 0.38403396]]",[1.09846396]
80,"[[16.24487267 11.43891888 -1.98685859]
 [11.43891888 42.82515666 -5.35410978]
 [-1.98685859 -5.35410978 12.92997067]]",,[ 0.65412962 -0.08860286  0.28491305],[-0.03637833 -0.2766311   0.01237294],[-0.0858462  -0.23133503  0.04018124],"[[ 0.92279058]
 [-0.04276855]
 [ 0.38292089]]",[1.09176785]
81,"[[16.23888266 11.43138338 -1.9887493 ]
 [11.43138338 42.82805924 -5.36324251]
 [-1.9887493  -5.36324251 12.93305809]]",,[ 0.65387357 -0.09055271  0.28500185],[-0.0372068  -0.27836291  0.01077047],[-0.08578561 -0.23134592  0.04024789],"[[ 0.92289432]
 [-0.04283804]
 [ 0.38266301]]",[1.08771896]
82,"[[16.35237339 11.57522408 -1.93816286]
 [11.57522408 42.78453999 -5.15458289]
 [-1.93816286 -5.15458289 12.86308663]]",,[ 0.65352178 -0.09322278  0.28511609],[-0.03492423 -0.26144799  0.00918667],[-0.08692643 -0.23118257  0.03870936],"[[ 0.91680926]
 [-0.04523471]
 [ 0.39675509]]",[1.07917955]
83,"[[16.36612072 11.59056123 -1.94325147]
 [11.59056123 42.7689865  -5.15866982]
 [-1.94325147 -5.15866982 12.86489278]]",,[ 0.65291857 -0.097474    0.2852428 ],[-0.03485855 -0.23821019  0.00597167],[-0.0870636  -0.23112416  0.03874984],"[[ 0.91558157]
 [-0.04509153]
 [ 0.39959624]]",[1.0765645]
84,"[[15.89021559 10.96568863 -2.16047604]
 [10.96568863 42.90993916 -6.08992149]
 [-2.16047604 -6.08992149 13.19984525]]",,[ 0.65270675 -0.09888061  0.28526426],[-0.03498956 -0.23142249  0.00423701],[-0.08218179 -0.23165295  0.0456406 ],"[[ 0.92070969]
 [-0.04125883]
 [ 0.38806104]]",[1.0826431]
85,"[[16.07166123 11.21013709 -2.08187549]
 [11.21013709 42.86385788 -5.73183975]
 [-2.08187549 -5.73183975 13.06448089]]",,[ 0.65242483 -0.10074381  0.28530093],[-0.03588108 -0.23561798  0.00514553],[-0.08407649 -0.23148021  0.04298903],"[[ 0.92053993]
 [-0.04152089]
 [ 0.38843564]]",[1.06460157]
86,"[[15.99335841 11.10523327 -2.11843936]
 [11.10523327 42.88282929 -5.89122259]
 [-2.11843936 -5.89122259 13.12381231]]",,[ 0.65204538 -0.10322293  0.28536723],[-0.03942768 -0.25597043  0.00738535],[-0.08326412 -0.23155134  0.04417084],"[[ 0.92042404]
 [-0.03991016]
 [ 0.38887886]]",[1.06120503]
87,"[[16.02002848 11.13896622 -2.11750505]
 [11.13896622 42.86459941 -5.86732591]
 [-2.11750505 -5.86732591 13.11537211]]",,[ 0.65166388 -0.10566858  0.28543244],[-0.04317243 -0.27063467  0.00612096],[-0.0835417  -0.23148299  0.04400466],"[[ 0.91971327]
 [-0.04114173]
 [ 0.39042907]]",[1.05571464]
88,"[[16.38192291 11.60120741 -1.98996559]
 [11.60120741 42.71437268 -5.26846409]
 [-1.98996559 -5.26846409 12.9037044 ]]",,[ 0.6511794  -0.10866281  0.28548789],[-0.04428947 -0.26951947  0.00552047],[-0.08722101 -0.23091895  0.03960974],"[[ 0.91895083]
 [-0.05254205]
 [ 0.39085639]]",[1.04452737]
89,"[[16.53731829 11.7871621  -1.95422897]
 [11.7871621  42.62099272 -5.07674625]
 [-1.95422897 -5.07674625 12.84168899]]",,[ 0.65079763 -0.11094686  0.28551916],[-0.04253977 -0.25079535  0.00197437],[-0.08875409 -0.23056766  0.0382265 ],"[[ 0.91470085]
 [-0.06265987]
 [ 0.3992444 ]]",[1.03725854]
90,"[[16.63259074 11.89160776 -1.97535677]
 [11.89160776 42.52510858 -5.0706331 ]
 [-1.97535677 -5.0706331  12.84230069]]",,[ 0.65033277 -0.11360743  0.2855413 ],[-0.04174132 -0.23780446  0.00409726],[-0.08968106 -0.23020639  0.03824039],"[[ 0.91608583]
 [-0.0781478 ]
 [ 0.39329336]]",[1.04142628]
91,"[[16.9159542  12.21834286 -1.87612455]
 [12.21834286 42.3680417  -4.66300786]
 [-1.87612455 -4.66300786 12.7160041 ]]",,[ 0.64994764 -0.11578654  0.28555406],[-0.04123564 -0.23346854  0.00127542],[-0.09238313 -0.22961336  0.03525709],"[[ 0.91516636]
 [-0.09274925]
 [ 0.39226026]]",[1.03030239]
92,"[[17.0683947  12.38370495 -1.84863083]
 [12.38370495 42.25734133 -4.51679479]
 [-1.84863083 -4.51679479 12.67426397]]",,[ 0.64952091 -0.11822167  0.28557222],[-0.04136599 -0.2445889   0.00482868],[-0.09380456 -0.22919447  0.03421399],"[[ 0.91411354]
 [-0.10399806]
 [ 0.39189391]]",[1.03291608]
93,"[[17.29760874 12.62852938 -1.78030955]
 [12.62852938 42.10410206 -4.24393204]
 [-1.78030955 -4.24393204 12.5982892 ]]",,[ 0.64904418 -0.12091749  0.28561079],[-0.0446714  -0.24826015  0.00332109],[-0.09590223 -0.22861335  0.03222882],"[[ 0.91251575]
 [-0.11966827]
 [ 0.39114513]]",[1.02646343]
94,"[[17.4607526  12.80061103 -1.70635042]
 [12.80061103 42.00605501 -3.99987505]
 [-1.70635042 -3.99987505 12.5331924 ]]",,[ 0.64860891 -0.12327224  0.28564142],[-0.04953148 -0.26050077  0.00192982],[-0.09736772 -0.22824076  0.03042501],"[[ 0.90513414]
 [-0.12687433]
 [ 0.40575249]]",[1.02356786]
95,"[[17.7200082  13.05948018 -1.62842827]
 [13.05948018 41.81639481 -3.71790144]
 [-1.62842827 -3.71790144 12.463597  ]]",,[ 0.64805129 -0.12615481  0.28561376],[-0.05108689 -0.25926672 -0.00502808],[-0.09965224 -0.22751829  0.02836998],"[[ 0.90305141]
 [-0.14308964]
 [ 0.40499816]]",[1.03023956]
96,"[[17.92108185 13.25277728 -1.56959569]
 [13.25277728 41.66284036 -3.51312524]
 [-1.56959569 -3.51312524 12.41607779]]",,[ 0.64760762 -0.12840942  0.28557823],[-0.04898471 -0.24602058 -0.00413126],[-0.10138864 -0.22693168  0.0268767 ],"[[ 0.90123134]
 [-0.15560884]
 [ 0.40443535]]",[1.03346783]
97,"[[17.12016401 12.39950406 -2.0885698 ]
 [12.39950406 42.02788597 -5.05789067]
 [-2.0885698  -5.05789067 12.85195002]]",,[ 0.64704659 -0.13113466  0.28554233],[-0.05224894 -0.24896615 -0.00451204],[-0.09428241 -0.22832378  0.03845881],"[[ 0.9037666 ]
 [-0.17187067]
 [ 0.39200306]]",[1.03512307]
98,"[[17.47676301 12.77977899 -1.96106717]
 [12.77977899 41.82103672 -4.57606162]
 [-1.96106717 -4.57606162 12.70220027]]",,[ 0.64655886 -0.13344011  0.28552292],[-0.05326324 -0.25192964 -0.00225096],[-0.09751035 -0.227536    0.03491558],"[[ 0.90083027]
 [-0.18414523]
 [ 0.39318617]]",[1.01610561]
99,"[[17.90113738 13.20472883 -1.80351318]
 [13.20472883 41.54767061 -4.03564618]
 [-1.80351318 -4.03564618 12.55119202]]",,[ 0.64604652 -0.1359529   0.28550927],[-4.97196937e-02 -2.45191400e-01 -3.78445274e-05],[-0.10121774 -0.2264907   0.03093429],"[[ 0.89833803]
 [-0.19612443]
 [ 0.39309539]]",[1.01136228]
100,"[[18.69806423 13.93973248 -1.39646199]
 [13.93973248 41.01079104 -2.90625858]
 [-1.39646199 -2.90625858 12.29114473]]",,[ 0.64549495 -0.13871318  0.28553943],[-0.05120758 -0.2534288   0.00446157],[-0.10783591 -0.22442361  0.02248243],"[[ 0.89082419]
 [-0.20837487]
 [ 0.40374767]]",[1.00288126]
101,"[[19.09748817 14.26803843 -1.24832486]
 [14.26803843 40.68295318 -2.50950008]
 [-1.24832486 -2.50950008 12.21955866]]",,[ 0.64469679 -0.14233907  0.28550872],[-0.05752818 -0.25004408 -0.00547654],[-0.11100463 -0.22315195  0.01952379],"[[ 0.88638233]
 [-0.22863284]
 [ 0.40255855]]",[1.00972806]
102,"[[19.26955944 14.40332977 -1.18394967]
 [14.40332977 40.53761776 -2.34578419]
 [-1.18394967 -2.34578419 12.1928228 ]]",,[ 0.64430146 -0.14409695  0.28546846],[-0.0558481  -0.24745522 -0.00772565],[-0.11234217 -0.22258588  0.0182965 ],"[[ 0.88454211]
 [-0.23780045]
 [ 0.40129317]]",[1.01774359]
103,"[[19.25576021 14.38680144 -1.25747987]
 [14.38680144 40.52630872 -2.49334498]
 [-1.25747987 -2.49334498 12.21793108]]",,[ 0.6438577  -0.14609609  0.28544407],[-0.05511376 -0.24692837 -0.0024767 ],[-0.11223549 -0.22254177  0.01945129],"[[ 0.88528777]
 [-0.24754029]
 [ 0.39368688]]",[1.03116024]
104,"[[19.69039908 14.71892476 -1.03217382]
 [14.71892476 40.17106678 -1.97551371]
 [-1.03217382 -1.97551371 12.13853414]]",,[ 0.64327914 -0.14863283  0.28543376],[-0.05963807 -0.25654681 -0.00168152],[-0.1155482  -0.22115176  0.01550841],"[[ 0.88165653]
 [-0.26255367]
 [ 0.39210627]]",[1.02812452]
105,"[[19.97341609 14.92041781 -0.92127489]
 [14.92041781 39.92013676 -1.72395448]
 [-0.92127489 -1.72395448 12.10644715]]",,[ 0.64262148 -0.15142268  0.28540525],[-0.05831758 -0.24901415 -0.00229206],[-0.11765516 -0.22016462  0.01359427],"[[ 0.87833981]
 [-0.27856791]
 [ 0.38848308]]",[1.03317172]
106,"[[20.16791931 15.05375954 -0.8452886 ]
 [15.05375954 39.74460275 -1.5578963 ]
 [-0.8452886  -1.5578963  12.08747795]]",,[ 0.6421152  -0.15361294  0.28539283],[-0.05461959 -0.24005094  0.00104801],[-0.11908155 -0.21947144  0.01232361],"[[ 0.87535606]
 [-0.28820811]
 [ 0.38818533]]",[1.04007248]
107,"[[20.3997995  15.20854022 -0.73243076]
 [15.20854022 39.5363353  -1.32612721]
 [-0.73243076 -1.32612721 12.06386519]]",,[ 0.64153446 -0.15608075  0.28537703],[-0.05859115 -0.24460752 -0.0038148 ],[-0.12076003 -0.21864615  0.01052982],"[[ 0.8663044 ]
 [-0.29673919]
 [ 0.40182402]]",[1.04318263]
108,"[[20.47574254 15.25223077 -0.81115741]
 [15.25223077 39.44662694 -1.45969039]
 [-0.81115741 -1.45969039 12.07763052]]",,[ 0.64083396 -0.15886963  0.28532156],[-0.06255128 -0.24576586 -0.00350305],[-0.1213047  -0.2182897   0.01160927],"[[ 0.86263664]
 [-0.31374945]
 [ 0.39676102]]",[1.05313418]
109,"[[20.50192303 15.26429855 -0.88753787]
 [15.26429855 39.40542459 -1.59347984]
 [-0.88753787 -1.59347984 12.09265239]]",,[ 0.64025913 -0.16114431  0.28526474],[-0.06212616 -0.24420415 -0.00654323],[-0.12149191 -0.21812579  0.01268286],"[[ 0.86065193]
 [-0.32736425]
 [ 0.39001397]]",[1.0582287]
110,"[[20.76568542 15.4308479  -0.78509059]
 [15.4308479  39.16399866 -1.38204976]
 [-0.78509059 -1.38204976 12.07031592]]",,[ 0.63961745 -0.16369084  0.28523596],[-0.06597259 -0.25991416 -0.0033247 ],[-0.12336208 -0.21716289  0.01104881],"[[ 0.8560343 ]
 [-0.34009569]
 [ 0.38928164]]",[1.06542541]
111,"[[20.71727809 15.39477359 -0.91215133]
 [15.39477359 39.18727698 -1.61086558]
 [-0.91215133 -1.61086558 12.09544494]]",,[ 0.63894138 -0.16630993  0.28520786],[-0.06726737 -0.25835913 -0.00372685],[-0.12302099 -0.21725592  0.01287257],"[[ 0.85205424]
 [-0.35079464]
 [ 0.38851858]]",[1.0682426]
112,"[[20.98099209 15.55644382 -0.80904387]
 [15.55644382 38.94612599 -1.40138699]
 [-0.80904387 -1.40138699 12.07288192]]",,[ 0.63829284 -0.16879942  0.28516697],[-0.06463088 -0.24743035 -0.00242788],[-0.12486793 -0.21629024  0.01124861],"[[ 0.84727485]
 [-0.36310548]
 [ 0.38765931]]",[1.07628591]
113,"[[21.92449938 16.0863933  -0.11933302]
 [16.0863933  38.07406575 -0.19342415]
 [-0.11933302 -0.19342415 12.00143487]]",,[ 0.6377471  -0.17092499  0.28513038],[-0.06197129 -0.23787689 -0.00511409],[-0.13126322 -0.21276155  0.00157832],"[[ 0.83789342]
 [-0.37062598]
 [ 0.40071311]]",[1.07483843]
114,"[[2.22358022e+01 1.62393701e+01 9.57796657e-03]
 [1.62393701e+01 3.77641889e+01 1.51956966e-02]
 [9.57796657e-03 1.51956966e-02 1.20000090e+01]]",,[ 0.63701845 -0.1736232   0.28506113],[-0.06691656 -0.24313124 -0.00938076],[-1.33306001e-01 -2.11493486e-01 -1.24738677e-04],"[[ 0.83559305]
 [-0.38590396]
 [ 0.3909762 ]]",[1.09934274]
115,"[[22.55005693 16.38524578  0.14855656]
 [16.38524578 37.44785123  0.23072252]
 [ 0.14855656  0.23072252 12.00209184]]",,[ 0.636176   -0.17660955  0.28493699],[-0.07110051 -0.25388123 -0.01116127],[-0.13533688 -0.2101911  -0.00190569],"[[ 0.82943539]
 [-0.40042359]
 [ 0.38948412]]",[1.1099516]
116,"[[22.69534011 16.45043935  0.15807936]
 [16.45043935 37.30232344  0.24314092]
 [ 0.15807936  0.24314092 12.00233645]]",,[ 0.63546941 -0.17913591  0.28486382],[-0.06875376 -0.24667587 -0.00651682],[-0.13626555 -0.20958923 -0.00201403],"[[ 0.82675415]
 [-0.41431594]
 [ 0.38055207]]",[1.12604972]
117,"[[22.78426652 16.49005047  0.10689144]
 [16.49005047 37.214674    0.163446  ]
 [ 0.10689144  0.163446   12.00105949]]",,[ 0.63459222 -0.1822115   0.28478706],[-0.07301076 -0.25173607 -0.00797564],[-0.13683086 -0.2092259  -0.00135624],"[[ 0.82041562]
 [-0.42884039]
 [ 0.37817208]]",[1.13442532]
118,"[[23.32186769 16.71072338  0.392776  ]
 [16.71072338 36.6645062   0.57972511]
 [ 0.392776    0.57972511 12.01362611]]",,[ 0.63346374 -0.18605808  0.28463451],[-0.06872021 -0.23154724 -0.00887711],[-0.14019993 -0.20693072 -0.00486379],"[[ 0.80675159]
 [-0.44915694]
 [ 0.38393998]]",[1.13187748]
119,"[[23.52899938 16.78984999  0.47653781]
 [16.78984999 36.45130348  0.69398897]
 [ 0.47653781  0.69398897 12.01969714]]",,[ 0.63277232 -0.18840692  0.28454801],[-0.07207621 -0.24093691 -0.01209482],[-0.14147658 -0.20603441 -0.00584777],"[[ 0.80231099]
 [-0.45605535]
 [ 0.38511114]]",[1.14768787]
120,"[[24.18864083 17.01220118  0.90172924]
 [17.01220118 35.74464823  1.25858162]
 [ 0.90172924  1.25858162 12.06671094]]",,[ 0.63168681 -0.19185682  0.28437225],[-0.07861881 -0.24883704 -0.01268678],[-0.14546764 -0.20303534 -0.01076186],"[[ 0.79584801]
 [-0.47425204]
 [ 0.37644515]]",[1.17251163]
121,"[[24.50371304 17.10775444  1.05620442]
 [17.10775444 35.40706804  1.4451136 ]
 [ 1.05620442  1.4451136  12.08921892]]",,[ 0.6307189  -0.19485649  0.28421175],[-0.07978409 -0.24321635 -0.01036877],[-0.14733579 -0.20158688 -0.01244564],"[[ 0.78953324]
 [-0.48796789]
 [ 0.37218893]]",[1.19341697]
122,"[[24.73483963 17.17242811  1.17719968]
 [17.17242811 35.15634085  1.58740726]
 [ 1.17719968  1.58740726 12.10881952]]",,[ 0.63006513 -0.19686849  0.28412897],[-0.08006802 -0.24483659 -0.01018064],[-0.14869128 -0.20050432 -0.01374492],"[[ 0.7844561 ]
 [-0.49828045]
 [ 0.36924954]]",[1.20625462]
123,"[[24.81373942 17.19548602  1.19078192]
 [17.19548602 35.07560112  1.59797802]
 [ 1.19078192  1.59797802 12.11065947]]",,[ 0.62949712 -0.1985992   0.28405581],[-0.07932492 -0.24043135 -0.01169702],[-0.14915118 -0.20015446 -0.01386063],"[[ 0.78167488]
 [-0.50289375]
 [ 0.36889329]]",[1.21752042]
124,"[[25.2201821  17.29395679  1.43958309]
 [17.29395679 34.62305762  1.88318795]
 [ 1.43958309  1.88318795 12.15676028]]",,[ 0.62858913 -0.20135043  0.28389835],[-0.07215105 -0.22100108 -0.01243501],[-0.1514982  -0.19818209 -0.01649707],"[[ 0.76666333]
 [-0.51703835]
 [ 0.38065561]]",[1.21651819]
125,"[[25.4148041  17.3377861   1.5418015 ]
 [17.3377861  34.40799227  1.99268095]
 [ 1.5418015   1.99268095 12.17720362]]",,[ 0.62800285 -0.20313617  0.28379177],[-0.07305516 -0.22374855 -0.01190599],[-0.15260927 -0.19723784 -0.01753982],"[[ 0.76265933]
 [-0.52515027]
 [ 0.37758169]]",[1.23769249]
126,"[[25.47431499 17.35945715  1.47221694]
 [17.35945715 34.36482913  1.89671141]
 [ 1.47221694  1.89671141 12.16085588]]",,[ 0.62728856 -0.20525635  0.28365549],[-0.08379905 -0.24259794 -0.01857293],[-0.1529474  -0.19704778 -0.01671118],"[[ 0.75855443]
 [-0.53684344]
 [ 0.36931598]]",[1.25595289]
127,"[[25.50118928 17.37771015  1.33262603]
 [17.37771015 34.36727474  1.71525548]
 [ 1.33262603  1.71525548 12.13153598]]",,[ 0.62608119 -0.20865529  0.28340292],[-0.08700023 -0.23873349 -0.01760341],[-0.15309985 -0.19705856 -0.01511162],"[[ 0.75407911]
 [-0.54984664]
 [ 0.35921216]]",[1.28370171]
128,"[[25.83587354 17.44386329  1.54002733]
 [17.44386329 33.99271089  1.94162126]
 [ 1.54002733  1.94162126 12.17141557]]",,[ 0.62519782 -0.21108609  0.28324004],[-0.08561143 -0.23493098 -0.01483772],[-0.15498585 -0.19540161 -0.01725098],"[[ 0.74702618]
 [-0.56001035]
 [ 0.35824615]]",[1.29178934]
129,"[[26.33568715 17.51508041  1.94801683]
 [17.51508041 33.39960495  2.38005134]
 [ 1.94801683  2.38005134 12.26470789]]",,[ 0.62431984 -0.21349316  0.28308479],[-0.08832613 -0.23577165 -0.01629939],[-0.15776041 -0.19274878 -0.0214374 ],"[[ 0.74161841]
 [-0.56728599]
 [ 0.35803456]]",[1.30715927]
130,"[[26.84361998 17.57521497  2.26915931]
 [17.57521497 32.80949133  2.68674102]
 [ 2.26915931  2.68674102 12.3468887 ]]",,[ 0.62302103 -0.21699546  0.2827633 ],[-0.07767151 -0.20928105 -0.01900598],[-0.16053091 -0.19007259 -0.02454052],"[[ 0.72352573]
 [-0.5840943 ]
 [ 0.3678918 ]]",[1.31645313]
131,"[[26.98816381 17.59130256  2.33985407]
 [17.59130256 32.64655348  2.74623907]
 [ 2.33985407  2.74623907 12.36528271]]",,[ 0.62220958 -0.2191664   0.28257733],[-0.0869253  -0.22250913 -0.01842802],[-0.16131062 -0.18932699 -0.02518276],"[[ 0.72182158]
 [-0.589335  ]
 [ 0.36284689]]",[1.35571988]
132,"[[27.19141264 17.62125916  2.36707895]
 [17.62125916 32.43975643  2.74569012]
 [ 2.36707895  2.74569012 12.36883092]]",,[ 0.62110058 -0.221977    0.28233697],[-0.09296989 -0.23209195 -0.01999826],[-0.16240068 -0.18837645 -0.02530477],"[[ 0.71644444]
 [-0.60570116]
 [ 0.34616972]]",[1.39163493]
133,"[[27.04592629 17.6354026   2.0654355 ]
 [17.6354026  32.67054023  2.42090689]
