,D,eigen_values_obs,pos,vel,des_vel,normals,dists
0,"[[12.02816315  0.99694199 -0.10862391]
 [ 0.99694199 47.54896932 -3.87638637]
 [-0.10862391 -3.87638637 12.42273128]]","[[31.87067738  0.          0.        ]
 [ 0.         20.5909907   0.        ]
 [ 0.          0.         12.        ]]",[0.38477012 0.45404536 0.17361456],[0.00125267 0.00524776 0.00393047],[-0.00542943 -0.19362133  0.02111338],"[[0.61911528]
 [0.76712695]
 [0.16796581]]",[7.95097597]
1,"[[13.22616898 -0.14817807 -0.73070053]
 [-0.14817807 32.2599697  -0.86866759]
 [-0.73070053 -0.86866759 12.48068222]]","[[29.46738371  0.          0.        ]
 [ 0.         13.57193482  0.        ]
 [ 0.          0.         12.        ]]",[0.38478663 0.45410285 0.17366775],[0.0024123  0.00593004 0.00761773],[-0.02858543 -0.16721603  0.02510335],"[[-0.08632091]
 [ 0.99625565]
 [ 0.00483436]]",[5.22841721]
2,"[[13.80341008 -1.0362776  -0.65510841]
 [-1.0362776  56.08189509 -0.84150328]
 [-0.65510841 -0.84150328 12.2720867 ]]","[[60.          0.          0.        ]
 [ 0.         13.77658997  0.        ]
 [ 0.          0.         12.        ]]",[0.38490454 0.45402286 0.17379051],[ 0.01028094 -0.00642822  0.01506347],[-0.03594879 -0.16898851  0.01837027],"[[-0.08621852]
 [ 0.99626466]
 [ 0.00480459]]",[5.46940246]
3,"[[13.79201768 -1.11463818 -0.66016438]
 [-1.11463818 56.16015581 -0.83273613]
 [-0.66016438 -0.83273613 12.27876508]]","[[60.         0.         0.       ]
 [ 0.        13.7704736  0.       ]
 [ 0.         0.        12.       ]]",[0.38509847 0.4538561  0.17396023],[ 0.02318712 -0.02180251  0.0142522 ],[-0.03570982 -0.16889823  0.01862185],"[[-0.08630401]
 [ 0.99625713]
 [ 0.00483151]]",[5.45535274]
4,"[[13.61609998 -1.78191645 -0.71663039]
 [-1.78191645 56.81869672 -0.80233053]
 [-0.71663039 -0.80233053 12.37695508]]","[[60.          0.          0.        ]
 [ 0.         13.68046109  0.        ]
 [ 0.          0.         12.        ]]",[0.38538485 0.45351033 0.1741165 ],[ 0.03161215 -0.03954337  0.01592471],[-0.03240755 -0.16761404  0.02192708],"[[-0.08628296]
 [ 0.99625923]
 [ 0.00477411]]",[5.33284012]
5,"[[13.43806951 -2.37107367 -0.7548457 ]
 [-2.37107367 57.42121292 -0.7176448 ]
 [-0.7548457  -0.7176448  12.48897278]]","[[60.          0.          0.        ]
 [ 0.         13.60070518  0.        ]
 [ 0.          0.         12.        ]]",[0.38574895 0.45302306 0.17433136],[ 0.03940573 -0.05107329  0.02395059],[-0.02888432 -0.1665872   0.02528702],"[[-0.08620153]
 [ 0.9962658 ]
 [ 0.00487304]]",[5.20762988]
6,"[[13.35244862 -2.67729088 -0.76584853]
 [-2.67729088 57.75025228 -0.63610521]
 [-0.76584853 -0.63610521 12.54818235]]","[[60.         0.         0.       ]
 [ 0.        13.5661917  0.       ]
 [ 0.         0.        12.       ]]",[0.38623386 0.45238414 0.17466243],[ 0.04604516 -0.06051983  0.03161551],[-0.02702498 -0.16624094  0.02699467],"[[-0.08631122]
 [ 0.99625588]
 [ 0.00495992]]",[5.13152359]
7,"[[13.35523252 -2.74614044 -0.76214072]
 [-2.74614044 57.83944578 -0.6072159 ]
 [-0.76214072 -0.6072159  12.54354471]]","[[60.          0.          0.        ]
 [ 0.         13.56305317  0.        ]
 [ 0.          0.         12.        ]]",[0.38671357 0.45174077 0.17493902],[ 0.05677981 -0.07501338  0.03133115],[-0.02700703 -0.16638028  0.02699978],"[[-0.08640832]
 [ 0.9962486 ]
 [ 0.00472558]]",[5.10976085]
8,"[[13.40153913 -2.70102225 -0.75934117]
 [-2.70102225 57.82307271 -0.5963017 ]
 [-0.75934117 -0.5963017  12.5158494 ]]","[[60.          0.          0.        ]
 [ 0.         13.58407218  0.        ]
 [ 0.          0.         12.        ]]",[0.38727237 0.45094582 0.17521238],[ 0.05288611 -0.07802824  0.02467447],[-0.02792828 -0.1664792   0.02630263],"[[-0.08626945]
 [ 0.99626098]
 [ 0.00465118]]",[5.11364882]
9,"[[13.39859337 -2.49379183 -0.75759392]
 [-2.49379183 57.81575321 -0.52809004]
 [-0.75759392 -0.52809004 12.49571438]]","[[60.          0.          0.        ]
 [ 0.         13.58450283  0.        ]
 [ 0.          0.         12.        ]]",[0.38794365 0.4499765  0.17554138],[ 0.05926969 -0.07943533  0.03272022],[-0.02893548 -0.16657844  0.02558297],"[[-0.08238016]
 [ 0.99658272]
 [ 0.00603193]]",[5.12110169]
10,"[[13.42960395 -2.49152666 -0.75828831]
 [-2.49152666 57.82868146 -0.50551262]
 [-0.75828831 -0.50551262 12.48267412]]","[[60.          0.          0.        ]
 [ 0.         13.60235579  0.        ]
 [ 0.          0.         12.        ]]",[0.38842221 0.44930976 0.17580895],[ 0.06054885 -0.08194633  0.03333641],[-0.029467   -0.16658671  0.02522802],"[[-0.08246127]
 [ 0.99657511]
 [ 0.00617894]]",[5.11735806]
11,"[[13.43796737 -2.54850457 -0.75988489]
 [-2.54850457 57.91686384 -0.48159641]
 [-0.75988489 -0.48159641 12.48230053]]","[[60.          0.          0.        ]
 [ 0.         13.60985386  0.        ]
 [ 0.          0.         12.        ]]",[0.38906295 0.44843278 0.17615969],[ 0.06232368 -0.08863372  0.03284528],[-0.02957835 -0.16645134  0.02529649],"[[-0.08234724]
 [ 0.99658594]
 [ 0.00594933]]",[5.09540824]
12,"[[13.49326888 -2.81188697 -0.76581528]
 [-2.81188697 58.03535612 -0.49312044]
 [-0.76581528 -0.49312044 12.48466609]]","[[60.         0.         0.       ]
 [ 0.        13.6433066  0.       ]
 [ 0.         0.        12.       ]]",[0.38975184 0.44746377 0.17649219],[ 0.06953253 -0.09743738  0.03400891],[-0.02943296 -0.16618645  0.02562107],"[[-0.08615299]
 [ 0.99627146]
 [ 0.00456592]]",[5.05827425]
13,"[[13.49132585 -2.90449906 -0.77040639]
 [-2.90449906 58.15828792 -0.46089183]
 [-0.77040639 -0.46089183 12.4929652 ]]","[[60.          0.          0.        ]
 [ 0.         13.64794188  0.        ]
 [ 0.          0.         12.        ]]",[0.3904633  0.44643155 0.17678187],[ 0.07328019 -0.10656668  0.02829653],[-0.02930541 -0.1659646   0.02593988],"[[-0.08609217]
 [ 0.99627769]
 [ 0.00434834]]",[5.02530336]
14,"[[13.49546484 -2.98076041 -0.77699466]
 [-2.98076041 58.25612834 -0.41733472]
 [-0.77699466 -0.41733472 12.49957917]]","[[60.          0.          0.        ]
 [ 0.         13.65698356  0.        ]
 [ 0.          0.         12.        ]]",[0.39112073 0.44548435 0.1770629 ],[ 0.07316028 -0.10452138  0.03240679],[-0.02927986 -0.16580898  0.02614496],"[[-0.08614903]
 [ 0.99627188]
 [ 0.00454882]]",[4.99780293]
15,"[[13.50362582 -3.04315098 -0.78167583]
 [-3.04315098 58.34642152 -0.38011382]
 [-0.78167583 -0.38011382 12.50216216]]","[[60.          0.          0.        ]
 [ 0.         13.66701463  0.        ]
 [ 0.          0.         12.        ]]",[0.39185179 0.44446637 0.17741814],[ 0.07361509 -0.10258412  0.03559321],[-0.02936653 -0.16566308  0.02625674],"[[-0.08608316]
 [ 0.99627727]
 [ 0.00461488]]",[4.97173109]
16,"[[13.51548171 -3.10629072 -0.7848061 ]
 [-3.10629072 58.44075604 -0.35272506]
 [-0.7848061  -0.35272506 12.50241396]]","[[60.          0.          0.        ]
 [ 0.         13.67852557  0.        ]
 [ 0.          0.         12.        ]]",[0.39269983 0.44331896 0.17782203],[ 0.07578193 -0.10367977  0.03617854],[-0.02951843 -0.16548211  0.02634692],"[[-0.08599289]
 [ 0.99628605]
 [ 0.00439736]]",[4.94349653]
17,"[[13.52891646 -3.17082066 -0.79023255]
 [-3.17082066 58.52849909 -0.31652779]
 [-0.79023255 -0.31652779 12.5041404 ]]","[[60.         0.         0.       ]
 [ 0.        13.6924566  0.       ]
 [ 0.         0.        12.       ]]",[0.39351473 0.44220896 0.17818905],[ 0.08409391 -0.11087177  0.03871351],[-0.02966732 -0.16531078  0.02643588],"[[-0.08603315]
 [ 0.99628239]
 [ 0.00443859]]",[4.91589467]
18,"[[13.54397032 -3.24908943 -0.79742594]
 [-3.24908943 58.62756596 -0.27474317]
 [-0.79742594 -0.27474317 12.50769319]]","[[60.          0.          0.        ]
 [ 0.         13.70906342  0.        ]
 [ 0.          0.         12.        ]]",[0.3944324  0.44096414 0.17859497],[ 0.08269997 -0.11217751  0.03673728],[-0.0298043  -0.16510509  0.0265744 ],"[[-0.08617319]
 [ 0.99626996]
 [ 0.00451145]]",[4.88310235]
19,"[[13.54868141 -3.28833009 -0.8006953 ]
 [-3.28833009 58.69017277 -0.25388034]
 [-0.8006953  -0.25388034 12.51012862]]","[[60.          0.          0.        ]
 [ 0.         13.71647798  0.        ]
 [ 0.          0.         12.        ]]",[0.39501704 0.44018338 0.17886307],[ 0.08296213 -0.10831102  0.04098467],[-0.02986902 -0.16496323  0.02668144],"[[-0.08603504]
 [ 0.9962822 ]
 [ 0.00444478]]",[4.86208561]
20,"[[13.5597495  -3.36169185 -0.80908449]
 [-3.36169185 58.78791727 -0.20906042]
 [-0.80908449 -0.20906042 12.51613881]]","[[60.          0.          0.        ]
 [ 0.         13.73237406  0.        ]
 [ 0.          0.         12.        ]]",[0.39599459 0.43887059 0.17930041],[ 0.07985711 -0.11031482  0.03367669],[-0.02996306 -0.16473643  0.02686769],"[[-0.0860714 ]
 [ 0.99627832]
 [ 0.00460658]]",[4.82707124]
21,"[[13.57012103 -3.42627156 -0.81719045]
 [-3.42627156 58.87216185 -0.16907535]
 [-0.81719045 -0.16907535 12.52206918]]","[[60.          0.          0.        ]
 [ 0.         13.74751812  0.        ]
 [ 0.          0.         12.        ]]",[0.3968827  0.43766604 0.17967539],[ 0.07914991 -0.10886996  0.03173505],[-0.03004916 -0.16452801  0.02704259],"[[-0.08612994]
 [ 0.9962725 ]
 [ 0.00476937]]",[4.79501743]
22,"[[13.57914274 -3.4810922  -0.82414841]
 [-3.4810922  58.94681789 -0.13624886]
 [-0.82414841 -0.13624886 12.52724185]]","[[60.          0.          0.        ]
 [ 0.         13.76108428  0.        ]
 [ 0.          0.         12.        ]]",[0.39773668 0.43654485 0.18005964],[ 0.08692664 -0.11218163  0.04138757],[-0.03013463 -0.16432856  0.02720256],"[[-0.08613249]
 [ 0.99627188]
 [ 0.00485058]]",[4.76511516]
23,"[[13.58728433 -3.52839809 -0.82778169]
 [-3.52839809 59.01267263 -0.12234883]
 [-0.82778169 -0.12234883 12.53001564]]","[[60.          0.          0.        ]
 [ 0.         13.77167874  0.        ]
 [ 0.          0.         12.        ]]",[0.39853527 0.43551735 0.18043381],[ 0.08549872 -0.11384794  0.03729355],[-0.0302175  -0.16413452  0.02734739],"[[-0.08611036]
 [ 0.99627506]
 [ 0.00458273]]",[4.73735267]
24,"[[13.60000423 -3.58679496 -0.83588235]
 [-3.58679496 59.07892928 -0.09179479]
 [-0.83588235 -0.09179479 12.53565771]]","[[60.          0.          0.        ]
 [ 0.         13.78813084  0.        ]
 [ 0.          0.         12.        ]]",[0.39939161 0.43439043 0.18079301],[ 0.08498636 -0.11248154  0.0359512 ],[-0.03031266 -0.16392815  0.02751161],"[[-0.08631298]
 [ 0.99625712]
 [ 0.00467178]]",[4.70689606]
25,"[[13.60500598 -3.62151112 -0.84025801]
 [-3.62151112 59.14111765 -0.07579468]
 [-0.84025801 -0.07579468 12.53965854]]","[[60.          0.          0.        ]
 [ 0.         13.79841642  0.        ]
 [ 0.          0.         12.        ]]",[0.4001979  0.43330177 0.18113669],[ 0.07830213 -0.10526507  0.03444312],[-0.03040116 -0.16372451  0.02767044],"[[-0.08609037]
 [ 0.99627721]
 [ 0.00449039]]",[4.67797206]
26,"[[13.61225753 -3.65734175 -0.84511705]
 [-3.65734175 59.19040052 -0.06062812]
 [-0.84511705 -0.06062812 12.54356315]]","[[60.          0.          0.        ]
 [ 0.         13.80939558  0.        ]
 [ 0.          0.         12.        ]]",[0.40091748 0.43235592 0.18147265],[ 0.08025559 -0.10430506  0.03698558],[-0.03047648 -0.16354904  0.02780714],"[[-0.08608388]
 [ 0.99627821]
 [ 0.00439301]]",[4.65293981]
27,"[[ 1.36201014e+01 -3.69553694e+00 -8.49897084e-01]
 [-3.69553694e+00  5.92479309e+01 -5.02999601e-02]
 [-8.49897084e-01 -5.02999601e-02  1.25477617e+01]]","[[60.          0.          0.        ]
 [ 0.         13.82184624  0.        ]
 [ 0.          0.         12.        ]]",[0.40184913 0.43118622 0.18191352],[ 0.0838825  -0.1080327   0.03726987],[-0.03057244 -0.16332233  0.02797961],"[[-0.08600208]
 [ 0.99628644]
 [ 0.00412032]]",[4.62201574]
28,"[[ 1.36269164e+01 -3.72780529e+00 -8.57009682e-01]
 [-3.72780529e+00  5.92982180e+01 -2.84618538e-02]
 [-8.57009682e-01 -2.84618538e-02  1.25538467e+01]]","[[60.          0.          0.        ]
 [ 0.         13.83528297  0.        ]
 [ 0.          0.         12.        ]]",[0.40275345 0.43006072 0.1823111 ],[ 0.08922368 -0.11332287  0.0394066 ],[-0.03065995 -0.16311273  0.02814608],"[[-0.08591206]
 [ 0.99629403]
 [ 0.00416318]]",[4.59288728]
29,"[[ 1.36349776e+01 -3.76013121e+00 -8.65505029e-01]
 [-3.76013121e+00  5.93447015e+01 -2.68198190e-03]
 [-8.65505029e-01 -2.68198190e-03  1.25608334e+01]]","[[60.          0.          0.        ]
 [ 0.         13.85046267  0.        ]
 [ 0.          0.         12.        ]]",[0.40369022 0.4288986  0.18273484],[ 0.0926015  -0.11559506  0.04297487],[-0.03075315 -0.16290173  0.02831323],"[[-0.08588234]
 [ 0.99629592]
 [ 0.00432039]]",[4.56345913]
30,"[[ 1.36403576e+01 -3.78262686e+00 -8.73946226e-01]
 [-3.78262686e+00  5.93872451e+01  2.36026696e-02]
 [-8.73946226e-01  2.36026696e-02  1.25682158e+01]]","[[60.          0.          0.        ]
 [ 0.         13.86443322  0.        ]
 [ 0.          0.         12.        ]]",[0.40459734 0.42776579 0.18314827],[ 0.08942531 -0.11275174  0.03962741],[-0.03084404 -0.16269566  0.02847766],"[[-0.0857155 ]
 [ 0.99630937]
 [ 0.00452705]]",[4.53491265]
31,"[[ 1.36491787e+01 -3.81297196e+00 -8.81973169e-01]
 [-3.81297196e+00  5.94252497e+01  4.14196176e-02]
 [-8.81973169e-01  4.14196176e-02  1.25750426e+01]]","[[60.          0.          0.        ]
 [ 0.         13.87967594  0.        ]
 [ 0.          0.         12.        ]]",[0.4054792  0.42664855 0.18353937],[ 0.08466009 -0.1086186   0.0361845 ],[-0.03092932 -0.16248242  0.02864814],"[[-0.0857692 ]
 [ 0.99630451]
 [ 0.00457857]]",[4.50588674]
32,"[[ 1.36543605e+01 -3.83227119e+00 -8.87814298e-01]
 [-3.83227119e+00  5.94618327e+01  4.76957050e-02]
 [-8.87814298e-01  4.76957050e-02  1.25810394e+01]]","[[60.          0.          0.        ]
 [ 0.         13.89206304  0.        ]
 [ 0.          0.         12.        ]]",[0.40635088 0.42554181 0.18390782],[ 0.08539178 -0.1083541   0.03572194],[-0.03101127 -0.16225726  0.02883029],"[[-0.0856212 ]
 [ 0.99631804]
 [ 0.00440202]]",[4.47645846]
33,"[[ 1.36717975e+01 -3.88451045e+00 -9.00119476e-01]
 [-3.88451045e+00  5.95119199e+01  5.39572161e-02]
 [-9.00119476e-01  5.39572161e-02  1.25925068e+01]]","[[60.          0.          0.        ]
 [ 0.         13.91877729  0.        ]
 [ 0.          0.         12.        ]]",[0.40780239 0.42373357 0.1845228 ],[ 0.09094738 -0.11302575  0.03829259],[-0.03113319 -0.16185644  0.0291613 ],"[[-0.08592949]
 [ 0.99629282]
 [ 0.00409063]]",[4.42614394]
34,"[[13.6808467  -3.90917223 -0.9133373 ]
 [-3.90917223 59.55331326  0.07048662]
 [-0.9133373   0.07048662 12.60594544]]","[[60.          0.          0.        ]
 [ 0.         13.94226399  0.        ]
 [ 0.          0.         12.        ]]",[0.40919673 0.42200785 0.18512611],[ 0.09304891 -0.11272811  0.04298755],[-0.03124435 -0.16148339  0.02948   ],"[[-0.08582415]
 [ 0.99630189]
 [ 0.004095  ]]",[4.37871255]
35,"[[13.691885   -3.93482025 -0.92656489]
 [-3.93482025 59.57971393  0.0895524 ]
 [-0.92656489  0.0895524  12.61843952]]","[[60.          0.          0.        ]
 [ 0.         13.96488846  0.        ]
 [ 0.          0.         12.        ]]",[0.41033751 0.42057837 0.18562508],[ 0.08863379 -0.11022409  0.03875252],[-0.03133588 -0.16118622  0.02974108],"[[-0.08595794]
 [ 0.9962896 ]
 [ 0.00427334]]",[4.33944832]
36,"[[13.70426215 -3.95808762 -0.94256021]
 [-3.95808762 59.60439159  0.11094727]
 [-0.94256021  0.11094727 12.63372067]]","[[60.          0.          0.        ]
 [ 0.         13.99178579  0.        ]
 [ 0.          0.         12.        ]]",[0.41172124 0.41886214 0.18620999],[ 0.08673005 -0.10630788  0.03509347],[-0.03144855 -0.1608394   0.03004593],"[[-0.08607437]
 [ 0.99627846]
 [ 0.00451984]]",[4.29358823]
37,"[[13.70968026 -3.96056932 -0.9530998 ]
 [-3.96056932 59.623904    0.11036975]
 [-0.9530998   0.11036975 12.6457556 ]]","[[60.          0.          0.        ]
 [ 0.         14.01122124  0.        ]
 [ 0.          0.         12.        ]]",[0.41309822 0.41727702 0.18676706],[ 0.09370655 -0.10713281  0.03705736],[-0.03154773 -0.16049915  0.03032973],"[[-0.08585176]
 [ 0.99629839]
 [ 0.00435785]]",[4.25220216]
38,"[[13.72051608 -3.97372573 -0.96775326]
 [-3.97372573 59.63579468  0.12332369]
 [-0.96775326  0.12332369 12.6603044 ]]","[[60.          0.          0.        ]
 [ 0.         14.03592193  0.        ]
 [ 0.          0.         12.        ]]",[0.41450107 0.41572854 0.1873462 ],[ 0.092859   -0.10189134  0.03963418],[-0.03164505 -0.16016858  0.03060826],"[[-0.08595488]
 [ 0.99628868]
 [ 0.00454075]]",[4.21213771]
39,"[[13.72776521 -3.97657048 -0.97715441]
 [-3.97657048 59.64491226  0.11186668]
 [-0.97715441  0.11186668 12.67129295]]","[[60.          0.          0.        ]
 [ 0.         14.05490807  0.        ]
 [ 0.          0.         12.        ]]",[0.41579382 0.41430576 0.18792118],[ 0.0962527  -0.10598018  0.04292691],[-0.03173358 -0.15984071  0.0308767 ],"[[-0.08588825]
 [ 0.99629577]
 [ 0.00423536]]",[4.17460293]
40,"[[13.73450771 -3.97724155 -0.98860744]
 [-3.97724155 59.65120263  0.10769693]
 [-0.98860744  0.10769693 12.6844658 ]]","[[60.          0.          0.        ]
 [ 0.         14.07549834  0.        ]
 [ 0.          0.         12.        ]]",[0.41705623 0.41287647 0.18846644],[ 0.09750831 -0.11326017  0.03905275],[-0.03181425 -0.15951074  0.03115945],"[[-0.08582254]
 [ 0.99630195]
 [ 0.00411348]]",[4.13659706]
41,"[[13.74368034 -3.97926166 -1.00476576]
 [-3.97926166 59.65496346  0.11135857]
 [-1.00476576  0.11135857 12.70236498]]","[[60.          0.          0.        ]
 [ 0.         14.10265192  0.        ]
 [ 0.          0.         12.        ]]",[0.41854091 0.41118122 0.18907594],[ 0.09866776 -0.11355187  0.03977367],[-0.03190715 -0.15912224  0.03150365],"[[-0.08582592]
 [ 0.99630136]
 [ 0.00418536]]",[4.09173559]
42,"[[13.75008091 -3.97742981 -1.02258298]
 [-3.97742981 59.65644295  0.13848435]
 [-1.02258298  0.13848435 12.72119448]]","[[60.          0.          0.        ]
 [ 0.         14.12808229  0.        ]
 [ 0.          0.         12.        ]]",[0.41980265 0.40976333 0.18958984],[ 0.09469979 -0.10687384  0.03713982],[-0.031978   -0.15881464  0.03178637],"[[-0.08579215]
 [ 0.9963016 ]
 [ 0.00477753]]",[4.05521525]
43,"[[13.76270108 -3.98442114 -1.04295279]
 [-3.98442114 59.655461    0.14696748]
 [-1.04295279  0.14696748 12.74352413]]","[[60.          0.          0.        ]
 [ 0.         14.16168675  0.        ]
 [ 0.          0.         12.        ]]",[0.42146898 0.40794824 0.19024579],[ 0.09927153 -0.1079617   0.03748884],[-0.03207063 -0.15837685  0.03218008],"[[-0.08596592]
 [ 0.99628555]
 [ 0.00499572]]",[4.00628848]
44,"[[13.76993542 -3.98520749 -1.05386736]
 [-3.98520749 59.65551519  0.12036095]
 [-1.05386736  0.12036095 12.75867021]]","[[60.          0.          0.        ]
 [ 0.         14.18412082  0.        ]
 [ 0.          0.         12.        ]]",[0.42280627 0.40651665 0.19073688],[ 0.10391659 -0.10916177  0.03937537],[-0.03212196 -0.15796807  0.0325367 ],"[[-0.08598527]
 [ 0.99628644]
 [ 0.0044565 ]]",[3.96568923]
45,"[[13.77488175 -3.98072333 -1.06639808]
 [-3.98072333 59.65636904  0.10572521]
 [-1.06639808  0.10572521 12.77565651]]","[[60.          0.          0.        ]
 [ 0.         14.20690729  0.        ]
 [ 0.          0.         12.        ]]",[0.42416202 0.4051085  0.19127752],[ 0.10078808 -0.1051967   0.04207883],[-0.03217079 -0.15757495  0.03288916],"[[-0.08589322]
 [ 0.99629562]
 [ 0.00417009]]",[3.92580772]
46,"[[13.78176843 -3.97776008 -1.08435902]
 [-3.97776008 59.65681336  0.10595127]
 [-1.08435902  0.10595127 12.79811637]]","[[60.          0.          0.        ]
 [ 0.         14.23669816  0.        ]
 [ 0.          0.         12.        ]]",[0.42583615 0.40337693 0.1919769 ],[ 0.0972075  -0.10169849  0.03962892],[-0.03223222 -0.15713757  0.03329246],"[[-0.085845  ]
 [ 0.99629962]
 [ 0.00420843]]",[3.87838857]
47,"[[13.78916689 -3.97850983 -1.10105236]
 [-3.97850983 59.65653692  0.11510467]
 [-1.10105236  0.11510467 12.81786501]]","[[60.          0.          0.        ]
 [ 0.         14.26356882  0.        ]
 [ 0.          0.         12.        ]]",[0.42715713 0.40195734 0.19248151],[ 0.09519371 -0.10281848  0.03682371],[-0.03229244 -0.156799    0.03361676],"[[-0.08588147]
 [ 0.99629549]
 [ 0.00443469]]",[3.84050073]
48,"[[13.79209568 -3.96888546 -1.11308031]
 [-3.96888546 59.65828637  0.10081393]
 [-1.11308031  0.10081393 12.83515391]]","[[60.          0.          0.        ]
 [ 0.         14.28553597  0.        ]
 [ 0.          0.         12.        ]]",[0.42852974 0.40051172 0.19300724],[ 0.0975719  -0.10123874  0.03702427],[-0.0323426  -0.15641948  0.03395975],"[[-0.08567536]
 [ 0.99631446]
 [ 0.00415152]]",[3.80301896]
49,"[[13.79793918 -3.96829234 -1.12903319]
 [-3.96829234 59.6582535   0.11010606]
 [-1.12903319  0.11010606 12.85482571]]","[[60.          0.          0.        ]
 [ 0.         14.31101839  0.        ]
 [ 0.          0.         12.        ]]",[0.42979907 0.39918044 0.19343401],[ 0.09591597 -0.10041295  0.0327545 ],[-0.03238647 -0.15608761  0.0342714 ],"[[-0.08568027]
 [ 0.99631306]
 [ 0.00437873]]",[3.76934771]
50,"[[13.8026575  -3.96385382 -1.14641062]
 [-3.96385382 59.6589158   0.11592652]
 [-1.14641062  0.11592652 12.87758149]]","[[60.          0.          0.        ]
 [ 0.         14.33915479  0.        ]
 [ 0.          0.         12.        ]]",[0.43123325 0.39767032 0.19390268],[ 0.09447354 -0.09963406  0.03160437],[-0.03242744 -0.15569496  0.03464075],"[[-0.08559933]
 [ 0.99631933]
 [ 0.00453355]]",[3.73036078]
51,"[[13.81201761 -3.97250239 -1.16153885]
 [-3.97250239 59.65759904  0.08633824]
 [-1.16153885  0.08633824 12.8999574 ]]","[[60.          0.          0.        ]
 [ 0.         14.36957404  0.        ]
 [ 0.          0.         12.        ]]",[0.43280066 0.39601579 0.19442739],[ 0.0998854  -0.10731256  0.03301925],[-0.03244878 -0.15520223  0.03509662],"[[-0.08578866]
 [ 0.99630556]
 [ 0.00394195]]",[3.68436767]
52,"[[ 1.38215232e+01 -3.98782954e+00 -1.17498223e+00]
 [-3.98782954e+00  5.96550912e+01  5.67824109e-02]
 [-1.17498223e+00  5.67824109e-02  1.29205030e+01]]","[[60.          0.          0.        ]
 [ 0.         14.39711742  0.        ]
 [ 0.          0.         12.        ]]",[0.43407806 0.39463232 0.19481319],[ 0.0978116  -0.10627374  0.02852418],[-0.03243876 -0.1547604   0.03551616],"[[-0.08612082]
 [ 0.99627906]
 [ 0.00335096]]",[3.64502653]
53,"[[13.82658441 -3.99188314 -1.19247597]
 [-3.99188314 59.65427445  0.06637165]
 [-1.19247597  0.06637165 12.94418549]]","[[60.          0.          0.        ]
 [ 0.         14.42504435  0.        ]
 [ 0.          0.         12.        ]]",[0.43532909 0.39333138 0.19521749],[ 0.09509884 -0.09737972  0.03345334],[-0.0324384  -0.15440802  0.03587522],"[[-0.08622433]
 [ 0.99626928]
 [ 0.0035903 ]]",[3.61025809]
54,"[[13.8317461  -3.99508967 -1.21243192]
 [-3.99508967 59.65354576  0.08233813]
 [-1.21243192  0.08233813 12.97107185]]","[[60.          0.          0.        ]
 [ 0.         14.45636372  0.        ]
 [ 0.          0.         12.        ]]",[0.4367007  0.39196765 0.19569615],[ 0.10099737 -0.1024231   0.03211686],[-0.03243875 -0.15402396  0.03625986],"[[-0.08631388]
 [ 0.99626009]
 [ 0.00396947]]",[3.57392254]
55,"[[13.82738172 -3.97191969 -1.23893259]
 [-3.97191969 59.65708633  0.13435462]
 [-1.23893259  0.13435462 13.00772069]]","[[60.          0.          0.        ]
 [ 0.         14.49218875  0.        ]
 [ 0.          0.         12.        ]]",[0.43805687 0.39059649 0.19610734],[ 0.10622565 -0.10735771  0.03160536],[-0.03244476 -0.15360746  0.03669156],"[[-0.08584177]
 [ 0.99629567]
 [ 0.00511167]]",[3.53820738]
56,"[[13.74737748 -3.75664175 -1.23298397]
 [-3.75664175 59.69349255  0.15553937]
 [-1.23298397  0.15553937 13.02717504]]","[[60.          0.          0.        ]
 [ 0.         14.46804507  0.        ]
 [ 0.          0.         12.        ]]",[0.43960938 0.38900218 0.19654835],[ 0.11010814 -0.11285574  0.03269986],[-0.0324676  -0.15333887  0.03696388],"[[-0.08109609]
 [ 0.9966915 ]
 [ 0.00542899]]",[3.51149467]
57,"[[13.74716976 -3.74106458 -1.25486466]
 [-3.74106458 59.69549412  0.19842281]
 [-1.25486466  0.19842281 13.05732357]]","[[60.          0.          0.        ]
 [ 0.         14.49998745  0.        ]
 [ 0.          0.         12.        ]]",[0.44102141 0.38756282 0.19698283],[ 0.10560108 -0.10867275  0.03315909],[-0.03250262 -0.15300987  0.03730304],"[[-0.08078979]
 [ 0.99671079]
 [ 0.00637267]]",[3.48020235]
58,"[[ 1.37015281e+01 -3.61686228e+00 -1.23271708e+00]
 [-3.61686228e+00  5.97171014e+01  3.13408935e-02]
 [-1.23271708e+00  3.13408935e-02  1.30605254e+01]]","[[60.          0.          0.        ]
 [ 0.         14.47915485  0.        ]
 [ 0.          0.         12.        ]]",[0.44217    0.38636106 0.19730675],[ 0.10253041 -0.10773231  0.02997944],[-0.03244971 -0.15236722  0.03782515],"[[-0.07795477]
 [ 0.99695321]
 [ 0.00271289]]",[3.43494873]
59,"[[ 1.36050307e+01 -3.35006010e+00 -1.23104870e+00]
 [-3.35006010e+00  5.97577727e+01  3.51190654e-02]
 [-1.23104870e+00  3.51190654e-02  1.31017658e+01]]","[[60.          0.          0.        ]
 [ 0.         14.46456924  0.        ]
 [ 0.          0.         12.        ]]",[0.44393385 0.38449941 0.19777736],[ 0.10377174 -0.10939093  0.02777396],[-0.03237669 -0.15174425  0.03846778],"[[-0.07208931]
 [ 0.99739469]
 [ 0.00263918]]",[3.3848169]
60,"[[ 1.35321817e+01 -3.14201909e+00 -1.22958723e+00]
 [-3.14201909e+00  5.97872365e+01  3.72101962e-02]
 [-1.22958723e+00  3.72101962e-02  1.31360290e+01]]","[[60.          0.          0.        ]
 [ 0.         14.45544722  0.        ]
 [ 0.          0.         12.        ]]",[0.44531029 0.38304278 0.19812247],[ 0.10519825 -0.11293641  0.02520718],[-0.03230319 -0.15123816  0.03899163],"[[-0.06753037]
 [ 0.99771392]
 [ 0.00256401]]",[3.34526396]
61,"[[13.45477389 -2.90775301 -1.23067555]
 [-2.90775301 59.81789068  0.06941808]
 [-1.23067555  0.06941808 13.17712832]]","[[60.         0.         0.       ]
 [ 0.        14.4497929  0.       ]
 [ 0.         0.        12.       ]]",[0.44684159 0.38140581 0.19845786],[ 0.09979929 -0.10644469  0.02231389],[-0.03224824 -0.15074019  0.03952672],"[[-0.0624319 ]
 [ 0.99804435]
 [ 0.00312061]]",[3.30208245]
62,"[[13.39465605 -2.71733273 -1.22832639]
 [-2.71733273 59.84110387  0.07529347]
 [-1.22832639  0.07529347 13.20811742]]","[[60.          0.          0.        ]
 [ 0.         14.44387733  0.        ]
 [ 0.          0.         12.        ]]",[0.44808197 0.38008759 0.19873999],[ 0.09318947 -0.10041013  0.02071591],[-0.03220522 -0.15030714  0.03997172],"[[-0.05828842]
 [ 0.99829486]
 [ 0.00313649]]",[3.26673157]
63,"[[13.34014407 -2.54266644 -1.22421741]
 [-2.54266644 59.86107914  0.06328877]
 [-1.22421741  0.06328877 13.23693849]]","[[60.         0.         0.       ]
 [ 0.        14.4381617  0.       ]
 [ 0.         0.        12.       ]]",[0.44920235 0.37888912 0.19897221],[ 0.09133225 -0.09579459  0.01902201],[-0.03213575 -0.14985444  0.04042423],"[[-0.05448539]
 [ 0.9985107 ]
 [ 0.00277776]]",[3.23340846]
64,"[[13.28501308 -2.36191641 -1.22209665]
 [-2.36191641 59.88019039  0.07329622]
 [-1.22209665  0.07329622 13.27071156]]","[[60.          0.          0.        ]
 [ 0.         14.43591503  0.        ]
 [ 0.          0.         12.        ]]",[0.45033686 0.37764674 0.19918573],[ 0.09464888 -0.10543611  0.01707593],[-0.03205413 -0.14942365  0.04088275],"[[-0.05057082]
 [ 0.9987163 ]
 [ 0.00288908]]",[3.19995883]
65,"[[13.21040905 -2.1057076  -1.21728821]
 [-2.1057076  59.90481106  0.08588826]
 [-1.21728821  0.08588826 13.31751591]]","[[60.          0.          0.        ]
 [ 0.         14.43273602  0.        ]
 [ 0.          0.         12.        ]]",[0.45189844 0.37591233 0.19947618],[ 0.09703404 -0.10713239  0.017765  ],[-0.03194266 -0.1488417   0.04151176],"[[-0.04503626]
 [ 0.99898081]
 [ 0.00301233]]",[3.15373978]
66,"[[13.08578298 -1.64781538 -1.21082789]
 [-1.64781538 59.94129163  0.15410351]
 [-1.21082789  0.15410351 13.4126435 ]]","[[60.          0.          0.        ]
 [ 0.         14.43971811  0.        ]
 [ 0.          0.         12.        ]]",[0.45468659 0.37280456 0.19993879],[ 0.10314834 -0.11530078  0.01604708],[-0.03171674 -0.14785424  0.04263041],"[[-0.03521085]
 [ 0.99937099]
 [ 0.00422091]]",[3.07428189]
67,"[[13.06437076 -1.55751986 -1.20492671]
 [-1.55751986 59.94771002  0.12782379]
 [-1.20492671  0.12782379 13.42260606]]","[[60.          0.          0.        ]
 [ 0.         14.43468683  0.        ]
 [ 0.          0.         12.        ]]",[0.45539962 0.37199961 0.20004656],[ 0.10119719 -0.11251387  0.01712737],[-0.03170203 -0.14763494  0.04283643],"[[-0.0332581 ]
 [ 0.9994403 ]
 [ 0.00360316]]",[3.05835728]
68,"[[13.02666759 -1.40579447 -1.20053425]
 [-1.40579447 59.95732066  0.1321627 ]
 [-1.20053425  0.1321627  13.45348967]]","[[60.          0.          0.        ]
 [ 0.         14.43747792  0.        ]
 [ 0.          0.         12.        ]]",[0.45631699 0.37095736 0.20018251],[ 0.10154448 -0.11797644  0.01411941],[-0.03162136 -0.14727476  0.04323487],"[[-0.03000614]
 [ 0.99954319]
 [ 0.00361199]]",[3.03160101]
69,"[[12.99282641 -1.25437829 -1.19651442]
 [-1.25437829 59.96586905  0.14297829]
 [-1.19651442  0.14297829 13.48238404]]","[[60.          0.          0.        ]
 [ 0.         14.44107949  0.        ]
 [ 0.          0.         12.        ]]",[0.45731885 0.36982605 0.20033651],[ 0.09731128 -0.11412977  0.01336482],[-0.0315891  -0.1469496   0.04358434],"[[-0.02677081]
 [ 0.99963452]
 [ 0.00376111]]",[3.0076946]
70,"[[12.95955492 -1.1054388  -1.19117971]
 [-1.1054388  59.9734202   0.13928002]
 [-1.19117971  0.13928002 13.51127022]]","[[60.          0.          0.        ]
 [ 0.         14.44424534  0.        ]
 [ 0.          0.         12.        ]]",[0.45829287 0.36873879 0.20049921],[ 0.09756433 -0.11194376  0.01525606],[-0.03152833 -0.14659198  0.04396827],"[[-0.02358421]
 [ 0.99971537]
 [ 0.00359944]]",[2.98240071]
71,"[[12.92445817 -0.9483684  -1.18507966]
 [-0.9483684  59.98034646  0.13563271]
 [-1.18507966  0.13563271 13.54399264]]","[[60.          0.          0.        ]
 [ 0.         14.44879728  0.        ]
 [ 0.          0.         12.        ]]",[0.45924565 0.36767272 0.20065233],[ 0.09328724 -0.10665082  0.01425655],[-0.03143479 -0.14620639  0.0443972 ],"[[-0.0202279 ]
 [ 0.99978949]
 [ 0.00343499]]",[2.95508521]
72,"[[ 1.28738797e+01 -6.96947909e-01 -1.16819379e+00]
 [-6.96947909e-01  5.99896837e+01  3.26567662e-03]
 [-1.16819379e+00  3.26567662e-03  1.35798014e+01]]","[[60.          0.          0.        ]
 [ 0.         14.44336485  0.        ]
 [ 0.          0.         12.        ]]",[0.4601951  0.36660869 0.20081477],[ 0.09454052 -0.10551956  0.01755889],[-0.03131117 -0.14536707  0.04519045],"[[-1.47983484e-02]
 [ 9.99890400e-01]
 [ 4.42752465e-04]]",[2.91689052]
73,"[[12.83301909 -0.51194985 -1.16535279]
 [-0.51194985 59.9943264   0.060946  ]
 [-1.16535279  0.060946   13.63927614]]","[[60.          0.          0.        ]
 [ 0.         14.46662164  0.        ]
 [ 0.          0.         12.        ]]",[0.46126112 0.36539703 0.20099596],[ 0.09670853 -0.11053059  0.01669675],[-0.03110842 -0.14491645  0.04577343],"[[-0.01089257]
 [ 0.99993941]
 [ 0.00158833]]",[2.88476085]
74,"[[12.8038514  -0.37699172 -1.16262666]
 [-0.37699172 59.99645265  0.14822804]
 [-1.16262666  0.14822804 13.68482692]]","[[60.          0.          0.        ]
 [ 0.         14.48513096  0.        ]
 [ 0.          0.         12.        ]]",[0.462072   0.36446236 0.20113026],[ 0.10003577 -0.11444253  0.0168296 ],[-0.03095963 -0.14472084  0.04609964],"[[-0.00807128]
 [ 0.99996164]
 [ 0.00340291]]",[2.86263436]
75,"[[12.76163348 -0.14900062 -1.14931432]
 [-0.14900062 59.99878413  0.18208402]
 [-1.14931432  0.18208402 13.73436761]]","[[60.          0.          0.        ]
 [ 0.         14.49478522  0.        ]
 [ 0.          0.         12.        ]]",[0.46332047 0.36302626 0.20133657],[ 0.10142837 -0.1193263   0.01462599],[-0.03079745 -0.14431669  0.04660774],"[[-0.00325191]
 [ 0.99998665]
 [ 0.00401635]]",[2.82649003]
76,"[[ 1.27323347e+01  2.28487958e-02 -1.13793461e+00]
 [ 2.28487958e-02  5.99991098e+01  2.02095918e-01]
 [-1.13793461e+00  2.02095918e-01  1.37693501e+01]]","[[60.          0.          0.        ]
 [ 0.         14.50079463  0.        ]
 [ 0.          0.         12.        ]]",[0.46426149 0.36195402 0.20149893],[ 0.10407432 -0.11690967  0.01739633],[-0.03068498 -0.14402377  0.04697151],"[[3.78372294e-04]
 [9.99990414e-01]
 [4.36211514e-03]]",[2.80013693]
77,"[[12.69946945  0.21796681 -1.12673136]
 [ 0.21796681 59.99774973  0.24497792]
 [-1.12673136  0.24497792 13.82239405]]","[[60.          0.          0.        ]
 [ 0.         14.51961323  0.        ]
 [ 0.          0.         12.        ]]",[0.46532782 0.36074658 0.20167387],[ 0.1073674  -0.11934348  0.01927653],[-0.03050507 -0.14362476  0.0474707 ],"[[0.00448426]
 [0.99997645]
 [0.00519558]]",[2.77043928]
78,"[[12.67037948  0.41559267 -1.11556417]
 [ 0.41559267 59.99496694  0.26236544]
 [-1.11556417  0.26236544 13.87544935]]","[[60.          0.          0.        ]
 [ 0.         14.54079578  0.        ]
 [ 0.          0.         12.        ]]",[0.46639954 0.35955694 0.2018537 ],[ 0.10665271 -0.11842364  0.01829694],[-0.030354   -0.14315525  0.04802678],"[[0.00865122]
 [0.99994757]
 [0.00547866]]",[2.74061334]
79,"[[12.65415747  0.62952021 -1.09825727]
 [ 0.62952021 59.99111111  0.16922995]
 [-1.09825727  0.16922995 13.87557792]]","[[60.         0.         0.       ]
 [ 0.        14.5208465  0.       ]
 [ 0.         0.        12.       ]]",[0.46746238 0.35840436 0.2020371 ],[ 0.10602234 -0.11584825  0.01837942],[-0.03050904 -0.14281084  0.04828567],"[[0.01321717]
 [0.99990702]
 [0.00335394]]",[2.72086204]
80,"[[12.62798723  0.76507989 -1.08978782]
 [ 0.76507989 59.98619507  0.2758157 ]
 [-1.08978782  0.2758157  13.94582536]]","[[60.          0.          0.        ]
 [ 0.         14.56000766  0.        ]
 [ 0.          0.         12.        ]]",[0.46850264 0.35729898 0.2022218 ],[ 0.10145228 -0.10483359  0.02032306],[-0.0301811  -0.14247799  0.04877294],"[[0.0160191 ]
 [0.99985595]
 [0.00560901]]",[2.69159079]
81,"[[12.61283878  0.97442713 -1.07295562]
 [ 0.97442713 59.97937155  0.18700972]
 [-1.07295562  0.18700972 13.95570852]]","[[60.          0.          0.        ]
 [ 0.         14.54791885  0.        ]
 [ 0.          0.         12.        ]]",[0.46950752 0.35626357 0.20241834],[ 0.09898447 -0.0990993   0.02093104],[-0.03024691 -0.14207721  0.04912428],"[[0.02047752]
 [0.99978389]
 [0.00358346]]",[2.67256443]
82,"[[12.59434097  1.1471668  -1.05775332]
 [ 1.1471668  59.97165722  0.18926915]
 [-1.05775332  0.18926915 13.99125835]]","[[60.          0.          0.        ]
 [ 0.         14.55725654  0.        ]
 [ 0.          0.         12.        ]]",[0.47049389 0.35523647 0.20259936],[ 0.09679633 -0.10260245  0.01721508],[-0.03010568 -0.14173582  0.0495021 ],"[[0.02411236]
 [0.99970292]
 [0.00355819]]",[2.65081732]
83,"[[12.57289423  1.37124951 -1.03847166]
 [ 1.37124951 59.95967592  0.20642398]
 [-1.03847166  0.20642398 14.04462316]]","[[60.          0.          0.        ]
 [ 0.         14.57719331  0.        ]
 [ 0.          0.         12.        ]]",[0.47169363 0.35396135 0.20282057],[ 0.09979172 -0.10994516  0.01698519],[-0.02991807 -0.1413007   0.05003256],"[[0.02881651]
 [0.99957735]
 [0.00383876]]",[2.62209168]
84,"[[12.55929877  1.52370243 -1.02499176]
 [ 1.52370243 59.9503525   0.21332481]
 [-1.02499176  0.21332481 14.08470488]]","[[60.          0.          0.        ]
 [ 0.         14.59435615  0.        ]
 [ 0.          0.         12.        ]]",[0.4725229  0.35303901 0.20296816],[ 0.10501087 -0.11629446  0.01920321],[-0.02976619 -0.14097276  0.05044134],"[[0.03201644]
 [0.99947962]
 [0.00392891]]",[2.60090623]
85,"[[12.53967213  1.77884939 -1.00282265]
 [ 1.77884939 59.93248578  0.23395232]
 [-1.00282265  0.23395232 14.16123657]]","[[60.          0.          0.        ]
 [ 0.         14.63339447  0.        ]
 [ 0.          0.         12.        ]]",[0.47380417 0.35157027 0.20317624],[ 0.10714844 -0.1241536   0.015907  ],[-0.02950011 -0.140384    0.05118723],"[[0.03736376]
 [0.99929255]
 [0.00428279]]",[2.56532375]
86,"[[12.52851581  1.94723737 -0.9872822 ]
 [ 1.94723737 59.9192997   0.23497462]
 [-0.9872822   0.23497462 14.212316  ]]","[[60.         0.         0.       ]
 [ 0.        14.6601315  0.       ]
 [ 0.         0.        12.       ]]",[0.47464225 0.35059892 0.20330125],[ 0.10406003 -0.12052523  0.01519591],[-0.02930771 -0.13996504  0.05170771],"[[0.04089611]
 [0.99915438]
 [0.00424568]]",[2.5409094]
87,"[[12.51622693  2.1870297  -0.96394672]
 [ 2.1870297  59.89838616  0.24522449]
 [-0.96394672  0.24522449 14.28506662]]","[[60.          0.          0.        ]
 [ 0.         14.69967971  0.        ]
 [ 0.          0.         12.        ]]",[0.47580935 0.34924681 0.20347596],[ 0.10777745 -0.12249211  0.01879264],[-0.02905114 -0.13941129  0.05241663],"[[0.04592031]
 [0.99893546]
 [0.00439022]]",[2.50751945]
88,"[[12.50858013  2.38741525 -0.94292695]
 [ 2.38741525 59.87922916  0.23295784]
 [-0.94292695  0.23295784 14.34020564]]","[[60.          0.          0.        ]
 [ 0.         14.72801493  0.        ]
 [ 0.          0.         12.        ]]",[0.47676523 0.34815813 0.20362197],[ 0.10342944 -0.1159342   0.0171395 ],[-0.02883125 -0.13894526  0.05299641],"[[0.05012623]
 [0.99873464]
 [0.00406041]]",[2.47996235]
89,"[[12.50312962  2.60237085 -0.91904381]
 [ 2.60237085 59.85664452  0.23777072]
 [-0.91904381  0.23777072 14.40310157]]","[[60.          0.          0.        ]
 [ 0.         14.76287571  0.        ]
 [ 0.          0.         12.        ]]",[0.4778236  0.34696212 0.20376856],[ 0.10532373 -0.12058091  0.01281091],[-0.02859444 -0.1384778   0.0535996 ],"[[0.05462864]
 [0.9984983 ]
 [0.00410571]]",[2.4515043]
90,"[[12.50049505  2.82280114 -0.89270725]
 [ 2.82280114 59.83144126  0.24450525]
 [-0.89270725  0.24450525 14.46570967]]","[[60.          0.          0.        ]
 [ 0.         14.79764598  0.        ]
 [ 0.          0.         12.        ]]",[0.4788569  0.34580869 0.20390348],[ 0.10025824 -0.10990062  0.0138422 ],[-0.02835169 -0.13803432  0.05418763],"[[0.05924419]
 [0.99823469]
 [0.00419872]]",[2.4234631]
91,"[[12.50100748  3.0302167  -0.86653443]
 [ 3.0302167  59.80580506  0.25541828]
 [-0.86653443  0.25541828 14.52359131]]","[[60.          0.          0.        ]
 [ 0.         14.83040384  0.        ]
 [ 0.          0.         12.        ]]",[0.47984716 0.34474302 0.20404986],[ 0.09627887 -0.1029294   0.01235688],[-0.0281308  -0.13765014  0.0547129 ],"[[0.06358552]
 [0.99796672]
 [0.00439348]]",[2.39820216]
92,"[[12.50446711  3.23173987 -0.84030098]
 [ 3.23173987 59.77921591  0.25784148]
 [-0.84030098  0.25784148 14.57496009]]","[[60.          0.          0.        ]
 [ 0.         14.85864311  0.        ]
 [ 0.          0.         12.        ]]",[0.48080973 0.34372983 0.20421021],[ 0.09625603 -0.10487026  0.01425806],[-0.02792901 -0.13729896  0.05519328],"[[0.06780776]
 [0.99768866]
 [0.00440873]]",[2.37408903]
93,"[[12.50824828  3.37281975 -0.82166536]
 [ 3.37281975 59.75953419  0.26391018]
 [-0.82166536  0.26391018 14.61612658]]","[[60.          0.          0.        ]
 [ 0.         14.88390904  0.        ]
 [ 0.          0.         12.        ]]",[0.48149373 0.3429865  0.20431904],[ 0.09735979 -0.10951765  0.01371617],[-0.02777698 -0.13703087  0.05556154],"[[0.07076212]
 [0.99748298]
 [0.0045193 ]]",[2.35696676]
94,"[[12.51802227  3.63894918 -0.78621532]
 [ 3.63894918 59.72027868  0.25501604]
 [-0.78621532  0.25501604 14.69993536]]","[[60.          0.          0.        ]
 [ 0.         14.93823631  0.        ]
 [ 0.          0.         12.        ]]",[0.48281503 0.34146878 0.20449774],[ 0.10428247 -0.1210564   0.01366771],[-0.02744412 -0.13643035  0.05634828],"[[0.07634316]
 [0.99707238]
 [0.00428801]]",[2.32261546]
95,"[[12.52885719  3.85263939 -0.75550805]
 [ 3.85263939 59.68644133  0.26169949]
 [-0.75550805  0.26169949 14.77345655]]","[[60.          0.          0.        ]
