,D,eigen_values_obs,pos,vel,des_vel,normals,dists
0,"[[12.04419018  1.25335331 -0.13416141]
 [ 1.25335331 47.54849574 -3.80518105]
 [-0.13416141 -3.80518105 12.40731408]]",,[0.39158104 0.45036709 0.17461747],[-1.53278396e-04  1.87185472e-05 -7.58954011e-04],[-0.00683701 -0.19391616  0.02075717],"[[0.63147385]
 [0.75663982]
 [0.16951977]]",[7.99162004]
1,"[[12.04423824  1.25403557 -0.13421802]
 [ 1.25403557 47.54854675 -3.80472096]
 [-0.13421802 -3.80472096 12.407215  ]]",,[0.39159711 0.45036549 0.17462742],[ 0.00488336 -0.00499156  0.00018536],[-0.00684075 -0.19391681  0.0207547 ],"[[0.63149378]
 [0.7566193 ]
 [0.16953713]]",[7.99188551]
2,"[[13.29926529  6.57380018 -1.3677029 ]
 [ 6.57380018 45.26098932 -6.92006909]
 [-1.3677029  -6.92006909 13.4397454 ]]",,[0.39175378 0.45012348 0.1745906 ],[ 0.01573842 -0.02711768 -0.00478226],[-0.03104955 -0.15709918  0.03268505],"[[0.05716716]
 [0.99829307]
 [0.01195241]]",[4.57137463]
3,"[[14.26375722  8.64269465 -1.29402186]
 [ 8.64269465 44.99654659 -4.94038657]
 [-1.29402186 -4.94038657 12.73969618]]",,[0.39194622 0.44972712 0.17450032],[ 0.02054834 -0.04219396 -0.0098999 ],[-0.04150443 -0.15845786  0.023725  ],"[[ 0.05369419]
 [ 0.99846627]
 [-0.01349212]]",[4.4215018]
4,"[[14.1121241   8.37324043 -1.21005951]
 [ 8.37324043 45.19461927 -4.79712307]
 [-1.21005951 -4.79712307 12.69325663]]",,[0.39217448 0.44922722 0.17440496],[ 0.02256433 -0.04798256 -0.00695959],[-0.04045259 -0.160369    0.02317574],"[[ 0.05357863]
 [ 0.99847658]
 [-0.01318501]]",[4.42810039]
5,"[[13.62543864  7.37652184 -1.20858009]
 [ 7.37652184 45.47593265 -5.48474558]
 [-1.20858009 -5.48474558 12.89862871]]",,[0.39235936 0.44872303 0.17432052],[ 0.01921567 -0.05585126 -0.01155985],[-0.03547112 -0.16097406  0.02637423],"[[ 0.05340462]
 [ 0.99849391]
 [-0.01256379]]",[4.48108041]
6,"[[13.21898867  6.40541567 -1.1697473 ]
 [ 6.40541567 45.65851629 -6.14666721]
 [-1.1697473  -6.14666721 13.12249505]]",,[0.39250068 0.4482029  0.17419876],[ 0.01664688 -0.06114037 -0.01377813],[-0.03073056 -0.16147976  0.02948919],"[[ 0.0533777 ]
 [ 0.99849481]
 [-0.01260733]]",[4.52585585]
7,"[[13.03871828  5.91679645 -1.14299701]
 [ 5.91679645 45.70353726 -6.51079391]
 [-1.14299701 -6.51079391 13.25774446]]",,[0.39274822 0.44735692 0.17399967],[ 0.0247641  -0.07355186 -0.01217058],[-0.02836927 -0.16159836  0.0312173 ],"[[ 0.05295252]
 [ 0.99851281]
 [-0.0129692 ]]",[4.52988618]
8,"[[13.03417912  5.90225316 -1.15079514]
 [ 5.90225316 45.68525987 -6.56780257]
 [-1.15079514 -6.56780257 13.28056101]]",,[0.39299565 0.44672435 0.17392009],[ 0.0332836  -0.08132563 -0.00954307],[-0.0282867  -0.16143748  0.03147636],"[[ 0.05310099]
 [ 0.99850391]
 [-0.01304685]]",[4.51096664]
9,"[[13.1220137   6.14250727 -1.18456021]
 [ 6.14250727 45.62739294 -6.48492053]
 [-1.18456021 -6.48492053 13.25059336]]",,[0.39333264 0.44592983 0.1738744 ],[ 0.03283983 -0.07659296 -0.00336062],[-0.02941162 -0.16101505  0.03105117],"[[ 0.05300473]
 [ 0.99851374]
 [-0.01268077]]",[4.47607585]
10,"[[13.22098648  6.40225666 -1.21483133]
 [ 6.40225666 45.57030631 -6.36998203]
 [-1.21483133 -6.36998203 13.2087072 ]]",,[0.39376773 0.44489037 0.17382089],[ 0.03295109 -0.07980058 -0.00315387],[-0.03064825 -0.16070447  0.03049375],"[[ 0.05316215]
 [ 0.99851136]
 [-0.01220024]]",[4.43682189]
11,"[[13.27326599  6.53565311 -1.22540113]
 [ 6.53565311 45.54739839 -6.28996357]
 [-1.22540113 -6.28996357 13.17933562]]",,[0.39402793 0.44428421 0.17380403],[ 0.0388745  -0.08819558 -0.00075784],[-0.03130043 -0.16066456  0.03012377],"[[ 0.05349242]
 [ 0.99850772]
 [-0.01099548]]",[4.41764307]
12,"[[13.28290145  6.55868592 -1.233797  ]
 [ 6.55868592 45.53052647 -6.30764509]
 [-1.233797   -6.30764509 13.18657208]]",,[0.39449849 0.44333069 0.17383279],[ 0.05037878 -0.09711054  0.0042239 ],[-0.03140947 -0.1605773   0.03020724],"[[ 0.05365428]
 [ 0.99850202]
 [-0.01072112]]",[4.39600684]
13,"[[13.27379056  6.53329937 -1.24495667]
 [ 6.53329937 45.50943397 -6.38540971]
 [-1.24495667 -6.38540971 13.21677547]]",,[0.39504577 0.44232021 0.17389981],[ 0.05364608 -0.10064589  0.00666599],[-0.0312716  -0.16039272  0.03056373],"[[ 0.05420737]
 [ 0.99845989]
 [-0.01180752]]",[4.37484934]
14,"[[13.26841168  6.51883847 -1.248478  ]
 [ 6.51883847 45.50273074 -6.41639186]
 [-1.248478   -6.41639186 13.22885758]]",,[0.39558682 0.44129733 0.17396498],[ 0.05120662 -0.1011791   0.00457369],[-0.03122211 -0.16046202  0.03073144],"[[ 0.06516904]
 [ 0.99787172]
 [-0.00224414]]",[4.36292771]
15,"[[13.27552584  6.53486084 -1.25998333]
 [ 6.53486084 45.47984395 -6.45523238]
 [-1.25998333 -6.45523238 13.24463021]]",,[0.39606427 0.44030972 0.17403585],[ 0.04615516 -0.09662122  0.00810482],[-0.03128552 -0.16028413  0.0309043 ],"[[ 0.06516904]
 [ 0.99787172]
 [-0.00224414]]",[4.33906397]
16,"[[13.25394721  6.47811758 -1.26637612]
 [ 6.47811758 45.46712457 -6.54232759]
 [-1.26637612 -6.54232759 13.27892823]]",,[0.39650686 0.43934286 0.17412939],[ 0.04585001 -0.09701505  0.01137928],[-0.03091243 -0.1596992   0.03121883],"[[ 0.05751437]
 [ 0.99819322]
 [-0.01738944]]",[4.30324045]
17,"[[13.26034752  6.49243297 -1.27763413]
 [ 6.49243297 45.44449464 -6.58148155]
 [-1.27763413 -6.58148155 13.29515784]]",,[0.39699905 0.43827907 0.17422155],[ 0.05106486 -0.10758187  0.00825741],[-0.0310152  -0.15976872  0.0314406 ],"[[ 0.05387094]
 [ 0.99850436]
 [-0.00932565]]",[4.28629405]
18,"[[13.26530913  6.50158387 -1.29596624]
 [ 6.50158387 45.40732473 -6.65911044]
 [-1.29596624 -6.65911044 13.32736615]]",,[0.39755643 0.43705321 0.17427949],[ 0.05853619 -0.12534525  0.00844859],[-0.03099305 -0.15925272  0.03174398],"[[ 0.05738959]
 [ 0.99821649]
 [-0.01643975]]",[4.24420962]
19,"[[13.28634431  6.55150901 -1.3158431 ]
 [ 6.55150901 45.36763732 -6.70174999]
 [-1.3158431  -6.70174999 13.34601838]]",,[0.39814657 0.43576038 0.17431549],[ 0.06093314 -0.13157637  0.00409507],[-0.03126008 -0.15921142  0.03197695],"[[ 0.05395498]
 [ 0.99849906]
 [-0.00940706]]",[4.2186256]
20,"[[13.32153707  6.63603515 -1.33862311]
 [ 6.63603515 45.32253288 -6.72183187]
 [-1.33862311 -6.72183187 13.35593005]]",,[0.39875063 0.43451887 0.17438291],[ 0.06021691 -0.12162388  0.00938907],[-0.0317558  -0.15946025  0.03216637],"[[0.05684443]
 [0.99831663]
 [0.01151575]]",[4.20022101]
21,"[[13.34475524  6.68958408 -1.36098746]
 [ 6.68958408 45.27782914 -6.77033245]
 [-1.36098746 -6.77033245 13.37741562]]",,[0.39932641 0.43337335 0.17446769],[ 0.05565077 -0.11184969  0.00927417],[-0.03200129 -0.15919278  0.03238757],"[[0.05590813]
 [0.99838105]
 [0.01046688]]",[4.16173894]
22,"[[13.35357907  6.70894031 -1.37360483]
 [ 6.70894031 45.25249406 -6.8081969 ]
 [-1.37360483 -6.8081969  13.39392687]]",,[0.39989405 0.43224569 0.17453976],[ 0.05879802 -0.11489907  0.00801261],[-0.03208988 -0.1590517   0.03256463],"[[0.05675541]
 [0.99831751]
 [0.01187314]]",[4.13087174]
23,"[[13.37359097  6.75304846 -1.39959252]
 [ 6.75304846 45.20032276 -6.88088109]
 [-1.39959252 -6.88088109 13.42608627]]",,[0.40039891 0.43119558 0.17458883],[ 0.05694127 -0.11827965  0.005924  ],[-0.03226469 -0.15862438  0.03287545],"[[0.05313126]
 [0.99856089]
 [0.00729524]]",[4.09409815]
24,"[[13.36991287  6.74125816 -1.4126714 ]
 [ 6.74125816 45.17332259 -6.9516703 ]
 [-1.4126714  -6.9516703  13.45676454]]",,[0.40103611 0.42984466 0.17465632],[ 0.05626781 -0.12294774  0.00691454],[-0.03210142 -0.15796914  0.03310339],"[[ 0.05815094]
 [ 0.99829082]
 [-0.00582248]]",[4.05033549]
25,"[[13.36927007  6.73862422 -1.417662  ]
 [ 6.73862422 45.16296576 -6.97677668]
 [-1.417662   -6.97677668 13.46776417]]",,[0.40160123 0.42859172 0.1747292 ],[ 0.05761066 -0.12602106  0.00918836],[-0.03206395 -0.15779716  0.03319714],"[[ 0.05836446]
 [ 0.99827812]
 [-0.00586306]]",[4.02988365]
26,"[[13.32672922  6.63666893 -1.39880918]
 [ 6.63666893 45.1984656  -6.99723295]
 [-1.39880918 -6.99723295 13.47480518]]",,[0.40216543 0.42736568 0.17482369],[ 0.0547882  -0.11928819  0.01198502],[-0.03163511 -0.1582476   0.03335381],"[[0.05916312]
 [0.99818475]
 [0.01126596]]",[4.021908]
27,"[[13.31642505  6.60750603 -1.41392746]
 [ 6.60750603 45.16492347 -7.09689793]
 [-1.41392746 -7.09689793 13.51865149]]",,[0.40274511 0.42618756 0.17492583],[ 0.05996643 -0.11501145  0.01218624],[-0.03141149 -0.15766307  0.03373801],"[[0.0614154 ]
 [0.99811055]
 [0.00186473]]",[3.98510665]
28,"[[13.34154689  6.66514541 -1.43936679]
 [ 6.66514541 45.11413382 -7.15113946]
 [-1.43936679 -7.15113946 13.54431929]]",,[0.40338448 0.42499847 0.17505518],[ 0.06510957 -0.12020016  0.01257862],[-0.03173466 -0.15766585  0.03404862],"[[0.05899802]
 [0.99820724]
 [0.01007672]]",[3.96362659]
29,"[[13.34910018  6.67830119 -1.4655471 ]
 [ 6.67830119 45.05885475 -7.25473547]
 [-1.4655471  -7.25473547 13.59204507]]",,[0.40434056 0.42333086 0.17523314],[ 0.07381805 -0.12947398  0.01254902],[-0.03171003 -0.15697066  0.03444707],"[[ 6.14744845e-02]
 [ 9.98108634e-01]
 [-2.04718442e-04]]",[3.91324865]
30,"[[13.3597309   6.7023175  -1.47661241]
 [ 6.7023175  45.03672812 -7.27844403]
 [-1.47661241 -7.27844403 13.60354098]]",,[0.40489045 0.42238907 0.17532101],[ 0.07765101 -0.13494239  0.01098341],[-0.03180793 -0.15678605  0.03454212],"[[ 6.22331249e-02]
 [ 9.98061488e-01]
 [-5.51728027e-04]]",[3.89484382]
31,"[[13.3708558   6.72628117 -1.49288477]
 [ 6.72628117 45.00336784 -7.32503209]
 [-1.49288477 -7.32503209 13.62577635]]",,[0.40567858 0.42104654 0.17545004],[ 0.07487192 -0.13214104  0.01441717],[-0.03190168 -0.15652974  0.03474146],"[[ 6.20260097e-02]
 [ 9.98074461e-01]
 [-3.79922799e-04]]",[3.86568238]
32,"[[13.4028702   6.79872933 -1.520711  ]
 [ 6.79872933 44.9486794  -7.36982114]
 [-1.520711   -7.36982114 13.64845039]]",,[0.40643776 0.4197336  0.17558359],[ 0.07790535 -0.13126707  0.01382109],[-0.03230962 -0.15658211  0.03502362],"[[0.05820727]
 [0.99824629]
 [0.01078245]]",[3.84354717]
33,"[[13.42333065  6.84121509 -1.55300014]
 [ 6.84121509 44.88218647 -7.46446931]
 [-1.55300014 -7.46446931 13.69448288]]",,[0.40718592 0.41845317 0.17570636],[ 0.07491339 -0.12745981  0.01132128],[-0.03249708 -0.15619668  0.03545766],"[[0.05802671]
 [0.9982605 ]
 [0.01043447]]",[3.80642537]
34,"[[13.43953345  6.87441484 -1.57904031]
 [ 6.87441484 44.8283996  -7.54062239]
 [-1.57904031 -7.54062239 13.73206695]]",,[0.40794797 0.41718401 0.17580725],[ 0.07475154 -0.12583634  0.00880227],[-0.03264778 -0.15590773  0.03581172],"[[0.05811722]
 [0.99825714]
 [0.01025075]]",[3.77154163]
35,"[[13.44880515  6.89240719 -1.59770837]
 [ 6.89240719 44.7892795  -7.60078516]
 [-1.59770837 -7.60078516 13.76191536]]",,[0.40876745 0.41591371 0.17591424],[ 0.08142646 -0.1252899   0.01111066],[-0.03272305 -0.15567353  0.03608622],"[[0.05808907]
 [0.99826255]
 [0.00987616]]",[3.73962587]
36,"[[13.46297305  6.92025053 -1.62384493]
 [ 6.92025053 44.7346203  -7.68121717]
 [-1.62384493 -7.68121717 13.80240665]]",,[0.4099087  0.41426358 0.1760923 ],[ 0.08812257 -0.12678194  0.01478718],[-0.03284411 -0.15536133  0.03645572],"[[0.05691491]
 [0.99830782]
 [0.0119245 ]]",[3.70083705]
37,"[[13.4691455   6.93205512 -1.63629502]
 [ 6.93205512 44.7083928  -7.72073785]
 [-1.63629502 -7.72073785 13.82246169]]",,[0.41050196 0.4133751  0.17617253],[ 0.08489015 -0.12602866  0.01128543],[-0.03288819 -0.15518049  0.03662998],"[[0.05684712]
 [0.99831029]
 [0.01204058]]",[3.67887024]
38,"[[13.47680577  6.94590477 -1.65482914]
 [ 6.94590477 44.66888168 -7.78320739]
 [-1.65482914 -7.78320739 13.85431255]]",,[0.41129262 0.41210215 0.1762627 ],[ 0.08064237 -0.12870959  0.00954005],[-0.03292926 -0.15487717  0.03689876],"[[0.05741355]
 [0.99828745]
 [0.01121872]]",[3.64840317]
39,"[[13.48317209  6.95769048 -1.66881364]
 [ 6.95769048 44.63913686 -7.82855129]
 [-1.66881364 -7.82855129 13.87769105]]",,[0.41183389 0.411183   0.17632286],[ 0.07869462 -0.13225882  0.00925625],[-0.03297079 -0.15466888  0.03709759],"[[0.05727366]
 [0.99829767]
 [0.01102228]]",[3.62762526]
40,"[[13.49799149  6.98387924 -1.70562189]
 [ 6.98387924 44.55997743 -7.95188581]
 [-1.70562189 -7.95188581 13.94203107]]",,[0.41308392 0.40900035 0.17644624],[ 0.08525308 -0.15011927  0.00747086],[-0.03305996 -0.15413088  0.03764226],"[[0.05754579]
 [0.99828889]
 [0.01038159]]",[3.57547884]
41,"[[13.50733981  7.00046482 -1.72790399]
 [ 7.00046482 44.51191757 -8.0248203 ]
 [-1.72790399 -8.0248203  13.98074262]]",,[0.41376771 0.4077541  0.17649032],[ 0.08413711 -0.15531709  0.00386245],[-0.03311999 -0.15381754  0.03796633],"[[0.05752469]
 [0.99829396]
 [0.01000378]]",[3.54553687]
42,"[[13.54015303  7.0644459  -1.77961847]
 [ 7.0644459  44.4035306  -8.16283716]
 [-1.77961847 -8.16283716 14.05631637]]",,[0.41506208 0.40535984 0.17658858],[ 0.08219661 -0.14451513  0.00918837],[-0.03337844 -0.15310179  0.03856817],"[[0.0591291 ]
 [0.99822686]
 [0.00684692]]",[3.48849503]
43,"[[13.55176377  7.08628434 -1.80002752]
 [ 7.08628434 44.36022571 -8.22000558]
 [-1.80002752 -8.22000558 14.08801052]]",,[0.41577094 0.4041168  0.17666855],[ 0.07961078 -0.1354224   0.01007189],[-0.03346609 -0.15282626  0.03882027],"[[0.05934475]
 [0.99821466]
 [0.00675969]]",[3.46303294]
44,"[[13.55760579  7.0962568  -1.81405958]
 [ 7.0962568  44.32965671 -8.26462813]
 [-1.81405958 -8.26462813 14.1127375 ]]",,[0.41635281 0.40316036 0.17674339],[ 0.08374906 -0.13594886  0.01199811],[-0.03350316 -0.1526362   0.03901933],"[[0.06105777]
 [0.99810491]
 [0.00765043]]",[3.44357267]
45,"[[13.54527411  7.06388478 -1.82853154]
 [ 7.06388478 44.29101424 -8.35873458]
 [-1.82853154 -8.35873458 14.16371165]]",,[0.41687683 0.40231509 0.17681139],[ 0.08809574 -0.13949754  0.01313109],[-0.0333255  -0.15234027  0.03943425],"[[0.05766579]
 [0.99828498]
 [0.01008728]]",[3.42084673]
46,"[[13.550937    7.06592675 -1.87109746]
 [ 7.06592675 44.19171424 -8.52454844]
 [-1.87109746 -8.52454844 14.25734876]]",,[0.41819356 0.40026019 0.17701186],[ 0.0933987  -0.14715904  0.01516944],[-0.0332962  -0.15169443  0.04016954],"[[0.05752903]
 [0.99829234]
 [0.0101401 ]]",[3.36560045]
47,"[[13.54215286  7.04233894 -1.88274528]
 [ 7.04233894 44.15928784 -8.59767585]
 [-1.88274528 -8.59767585 14.2985593 ]]",,[0.41899198 0.39897076 0.17714193],[ 0.08805385 -0.14321917  0.01474046],[-0.03310057 -0.15115585  0.040411  ],"[[6.12878524e-02]
 [9.98119766e-01]
 [8.55247941e-04]]",[3.326653]
48,"[[13.55113703  7.05925718 -1.89783954]
 [ 7.05925718 44.12682769 -8.63710759]
 [-1.89783954 -8.63710759 14.32203528]]",,[0.41977288 0.39769334 0.17727397],[ 0.08628864 -0.14092194  0.01454871],[-0.03323772 -0.15126558  0.04066686],"[[0.05746427]
 [0.99829287]
 [0.01045016]]",[3.30636521]
49,"[[13.56246081  7.07558536 -1.93478607]
 [ 7.07558536 44.04170493 -8.76165593]
 [-1.93478607 -8.76165593 14.39583426]]",,[0.42066453 0.39625883 0.1774308 ],[ 0.09150084 -0.14234187  0.01906445],[-0.03329415 -0.15077217  0.04122795],"[[0.05743467]
 [0.99829186]
 [0.01070614]]",[3.26952554]
50,"[[13.57392373  7.09223701 -1.97083547]
 [ 7.09223701 43.95823593 -8.88075582]
 [-1.97083547 -8.88075582 14.46784034]]",,[0.42162347 0.39478613 0.17759705],[ 0.09572171 -0.14601316  0.01685087],[-0.03335575 -0.15030392  0.0417674 ],"[[0.05746109]
 [0.9982928 ]
 [0.01047457]]",[3.23098544]
51,"[[13.58235336  7.10335801 -2.00079578]
 [ 7.10335801 43.88775424 -8.98179198]
 [-2.00079578 -8.98179198 14.5298924 ]]",,[0.42261754 0.39331461 0.17777001],[ 0.0978209  -0.14621252  0.01608231],[-0.03339748 -0.14992494  0.04222921],"[[0.0573749 ]
 [0.99829623]
 [0.01061831]]",[3.19399747]
52,"[[13.58889829  7.10995033 -2.03084885]
 [ 7.10995033 43.81537416 -9.0875763 ]
 [-2.03084885 -9.0875763  14.59572755]]",,[0.42377697 0.39162891 0.17798322],[ 0.09678112 -0.13667832  0.01960022],[-0.03341393 -0.14951955  0.04270798],"[[0.05725385]
 [0.99830268]
 [0.01066595]]",[3.15329484]
53,"[[13.59092247  7.10951364 -2.04865581]
 [ 7.10951364 43.77099133 -9.15503215]
 [-2.04865581 -9.15503215 14.6380862 ]]",,[0.42452392 0.39055687 0.17813177],[ 0.09379551 -0.13384031  0.01800333],[-0.03340093 -0.14926208  0.04301091],"[[0.05722201]
 [0.99829902]
 [0.01116758]]",[3.12877859]
54,"[[13.59372696  7.10955314 -2.07085951]
 [ 7.10955314 43.71543627 -9.23802263]
 [-2.07085951 -9.23802263 14.69083677]]",,[0.42538395 0.38934962 0.1783161 ],[ 0.09366958 -0.13248223  0.02160104],[-0.03338428 -0.14892596  0.04337892],"[[0.057262  ]
 [0.99829573]
 [0.0112565 ]]",[3.10097115]
55,"[[13.60852968  7.12725382 -2.12648859]
 [ 7.12725382 43.58023607 -9.4222843 ]
 [-2.12648859 -9.4222843  14.81123425]]",,[0.4269037  0.38716295 0.17865058],[ 0.09503745 -0.13754937  0.02102046],[-0.03342617 -0.14810843  0.04418966],"[[0.05660082]
 [0.99836213]
 [0.00833079]]",[3.04453114]
56,"[[13.61665589  7.1369961  -2.15622876]
 [ 7.1369961  43.50745537 -9.51903021]
 [-2.15622876 -9.51903021 14.87588874]]",,[0.42764056 0.38604272 0.17879392],[ 0.09123336 -0.13782805  0.01778884],[-0.03346349 -0.14773015  0.04463222],"[[0.05655134]
 [0.99836481]
 [0.00834603]]",[3.01719431]
57,"[[13.61227544  7.12310323 -2.16884398]
 [ 7.12310323 43.47018076 -9.58204732]
 [-2.16884398 -9.58204732 14.9175438 ]]",,[0.42837971 0.38487337 0.17893336],[ 0.0903982  -0.1449831   0.01712422],[-0.0334083  -0.14759931  0.04494107],"[[0.05710874]
 [0.99829676]
 [0.01192342]]",[2.99390545]
58,"[[13.61191822  7.11039759 -2.20749215]
 [ 7.11039759 43.36496217 -9.73755782]
 [-2.20749215 -9.73755782 15.02311962]]",,[0.42929048 0.38338587 0.17911208],[ 0.08955854 -0.14943834  0.0176455 ],[-0.03330708 -0.14692223  0.04561344],"[[0.05621741]
 [0.99836248]
 [0.01058092]]",[2.95404396]
59,"[[13.61254489  7.10383774 -2.23311542]
 [ 7.10383774 43.29494929 -9.83767314]
 [-2.23311542 -9.83767314 15.09250582]]",,[0.42989504 0.38234762 0.17922547],[ 0.08423841 -0.1459678   0.01592105],[-0.03326358 -0.14653798  0.04606471],"[[0.05598099]
 [0.99836872]
 [0.01122583]]",[2.92705069]
60,"[[13.61658847  7.10406072 -2.26189035]
 [ 7.10406072 43.21863086 -9.93982492]
 [-2.26189035 -9.93982492 15.16478067]]",,[0.43086565 0.38058825 0.17940155],[ 0.07843834 -0.14470522  0.01408414],[-0.03327665 -0.14623349  0.04655987],"[[0.05661317]
 [0.99830609]
 [0.0134129 ]]",[2.88717223]
61,"[[ 13.61754792   7.09384915  -2.30055821]
 [  7.09384915  43.11048219 -10.08922994]
 [ -2.30055821 -10.08922994  15.27196988]]",,[0.43165806 0.37913557 0.17953063],[ 0.08033751 -0.1424499   0.014575  ],[-0.0331962  -0.14558382  0.0472133 ],"[[0.05589195]
 [0.99837247]
 [0.01133561]]",[2.84791279]
62,"[[ 13.62350004   7.09307392  -2.34489907]
 [  7.09307392  42.98964964 -10.24486723]
 [ -2.34489907 -10.24486723  15.38685031]]",,[0.43268331 0.37741723 0.17971367],[ 0.08845423 -0.14369287  0.01651341],[-0.03318495 -0.14498509  0.04793061],"[[0.05569945]
 [0.99837936]
 [0.01167129]]",[2.80563283]
63,"[[ 13.62711153   7.09038735  -2.37800975]
 [  7.09038735  42.89744732 -10.36254119]
 [ -2.37800975 -10.36254119  15.47544115]]",,[0.43362048 0.37597602 0.17990583],[ 0.09206478 -0.14160214  0.01902804],[-0.03316879 -0.14453806  0.0484759 ],"[[0.05579868]
 [0.99837533]
 [0.01154132]]",[2.77044762]
64,"[[ 13.62912351   7.08783262  -2.39938153]
 [  7.08783262  42.83705496 -10.43899654]
 [ -2.39938153 -10.43899654  15.53382153]]",,[0.43427306 0.37500461 0.18003936],[ 0.09163236 -0.13545656  0.02069643],[-0.033156   -0.1442519   0.04883233],"[[0.05578168]
 [0.99837521]
 [0.01163352]]",[2.74731348]
65,"[[ 13.6306201    7.07714468  -2.44078368]
 [  7.07714468  42.71590784 -10.59338053]
 [ -2.44078368 -10.59338053  15.65347206]]",,[0.43546537 0.37326991 0.18028297],[ 0.08716472 -0.12830525  0.01944176],[-0.03309811 -0.14365096  0.04954271],"[[0.05572196]
 [0.99837751]
 [0.01172206]]",[2.70610837]
66,"[[ 13.63076795   7.06834345  -2.46713655]
 [  7.06834345  42.63678025 -10.69347024]
 [ -2.46713655 -10.69347024  15.7324518 ]]",,[0.43624321 0.37218133 0.18044992],[ 0.09931681 -0.13756883  0.02262663],[-0.03305002 -0.14325085  0.05000031],"[[0.0557427 ]
 [0.99837884]
 [0.01150822]]",[2.68001362]
67,"[[ 13.62956604   7.05209645  -2.50535979]
 [  7.05209645  42.51859396 -10.84217418]
 [ -2.50535979 -10.84217418  15.85184   ]]",,[0.43738133 0.37059864 0.18070199],[ 0.10375944 -0.14579183  0.02141902],[-0.03296662 -0.14266609  0.0506842 ],"[[0.05577669]
 [0.9983791 ]
 [0.01131944]]",[2.64210684]
68,"[[ 13.62647847   7.03091249  -2.54441786]
 [  7.03091249  42.39310472 -10.99896472]
 [ -2.54441786 -10.99896472  15.98041681]]",,[0.43853968 0.36897149 0.18095164],[ 0.10419923 -0.14621888  0.02292412],[-0.03286275 -0.1420585   0.05140957],"[[0.05587578]
 [0.99837388]
 [0.01129127]]",[2.60318334]
69,"[[ 13.62812976   7.02089013  -2.58243424]
 [  7.02089013  42.27577989 -11.13608234]
 [ -2.58243424 -11.13608234  16.09609035]]",,[0.43955074 0.36753696 0.18117014],[ 0.10038808 -0.14419209  0.0188819 ],[-0.03281752 -0.14151712  0.05205304],"[[0.05580369]
 [0.99837837]
 [0.01125102]]",[2.56890826]
70,"[[ 13.72231595   7.1970579   -2.69060579]
 [  7.1970579   42.07441373 -11.24325979]
 [ -2.69060579 -11.24325979  16.20327033]]",,[0.44032489 0.36643535 0.18135706],[ 0.09572675 -0.13623374  0.02292959],[-0.0336205  -0.14049032  0.05252203],"[[0.05467755]
 [0.99850189]
 [0.00208364]]",[2.53596358]
71,"[[ 13.64707984   7.03787422  -2.65524551]
 [  7.03787422  42.07241807 -11.34570616]
 [ -2.65524551 -11.34570616  16.28050209]]",,[0.44137553 0.36492183 0.1816136 ],[ 0.09450542 -0.13664506  0.02228114],[-0.03288605 -0.14052015  0.05301537],"[[0.05544438]
 [0.99841203]
 [0.00996677]]",[2.51224501]
72,"[[ 13.63269872   6.98390494  -2.70860121]
 [  6.98390494  41.87380814 -11.58610168]
 [ -2.70860121 -11.58610168  16.49349315]]",,[0.44237937 0.36346414 0.18184931],[ 0.10144781 -0.14783776  0.02372652],[-0.03262894 -0.13957103  0.0541305 ],"[[0.05561578]
 [0.99840449]
 [0.00976557]]",[2.47455831]
73,"[[ 13.70957128   7.12343514  -2.8068851 ]
 [  7.12343514  41.68190257 -11.6957182 ]
 [ -2.8068851  -11.6957182   16.60852615]]",,[0.44342676 0.36193733 0.18209733],[ 0.10314525 -0.15252604  0.02371476],[-0.03329442 -0.13873107  0.05466494],"[[0.05653909]
 [0.99839748]
 [0.00241019]]",[2.43130037]
74,"[[ 13.63458941   6.95438279  -2.79461916]
 [  6.95438279  41.58751577 -11.88974509]
 [ -2.79461916 -11.88974509  16.77789481]]",,[0.44423599 0.36076429 0.18228763],[ 0.09926686 -0.14582083  0.02375241],[-0.03267176 -0.13900243  0.05585814],"[[0.07492535]
 [0.9966746 ]
 [0.03203031]]",[2.44643849]
75,"[[ 13.59408359   6.83515233  -2.85071913]
 [  6.83515233  41.30794062 -12.22338626]
 [ -2.85071913 -12.22338626  17.09797579]]",,[0.44560992 0.35882864 0.18261372],[ 0.0955192  -0.13446057  0.02326273],[-0.03212487 -0.13774582  0.05744929],"[[0.07506332]
 [0.99676836]
 [0.02860664]]",[2.38567352]
76,"[[ 13.61234803   6.87988088  -2.84817521]
 [  6.87988088  41.35641685 -12.1531492 ]
 [ -2.84817521 -12.1531492   17.03123512]]",,[0.44640489 0.35773668 0.18280789],[ 0.10109797 -0.13606636  0.02505289],[-0.03231021 -0.13786752  0.05707524],"[[0.07026289]
 [0.99736172]
 [0.01824081]]",[2.34160026]
77,"[[ 13.57273098   6.78575611  -2.84575939]
 [  6.78575611  41.27804348 -12.27840581]
 [ -2.84575939 -12.27840581  17.14922554]]",,[0.44733184 0.35650041 0.18303425],[ 0.10077038 -0.13493977  0.02490879],[-0.03186224 -0.13747387  0.05765276],"[[0.07489933]
 [0.99696434]
 [0.02126479]]",[2.31904032]
78,"[[ 13.55777348   6.73585452  -2.87775102]
 [  6.73585452  41.12601654 -12.44347298]
 [ -2.87775102 -12.44347298  17.31620998]]",,[0.44848627 0.35496164 0.18330004],[ 0.10228113 -0.13888608  0.0221022 ],[-0.0316061  -0.13666564  0.0583875 ],"[[0.07490374]
 [0.99703597]
 [0.01757025]]",[2.2773401]
79,"[[ 13.53832539   6.68056865  -2.89538796]
 [  6.68056865  41.01206589 -12.5739575 ]
 [ -2.89538796 -12.5739575   17.44960872]]",,[0.44941421 0.35373251 0.18351893],[ 0.09916149 -0.13529842  0.02217615],[-0.03131783 -0.13600565  0.05894545],"[[0.07605089]
 [0.99700137]
 [0.01430144]]",[2.24522716]
80,"[[ 13.52342631   6.63184378  -2.92252758]
 [  6.63184378  40.87002257 -12.72247057]
 [ -2.92252758 -12.72247057  17.60655112]]",,[0.45038511 0.35244738 0.18375915],[ 0.09405118 -0.12607261  0.0240739 ],[-0.03111175 -0.13543697  0.0596845 ],"[[0.07605089]
 [0.99700137]
 [0.01430144]]",[2.21512697]
81,"[[ 13.51066087   6.58644834  -2.95303119]
 [  6.58644834  40.71677073 -12.8751514 ]
 [ -2.95303119 -12.8751514   17.77256841]]",,[0.45132933 0.35119346 0.18399249],[ 0.09422242 -0.12487456  0.02330067],[-0.03088409 -0.13465394  0.06037203],"[[0.07588641]
 [0.99705208]
 [0.01133134]]",[2.18338562]
82,"[[ 13.49489483   6.5316089   -2.98656801]
 [  6.5316089   40.53840552 -13.04914151]
 [ -2.98656801 -13.04914151  17.96669965]]",,[0.45250208 0.34963356 0.18427777],[ 0.09871461 -0.13337623  0.02358904],[-0.03064452 -0.1338944   0.061223  ],"[[0.07602286]
 [0.99705283]
 [0.01030387]]",[2.14809988]
83,"[[ 13.4787943    6.47864887  -3.01278461]
 [  6.47864887  40.3831843  -13.19911333]
 [ -3.01278461 -13.19911333  18.1380214 ]]",,[0.4534508  0.34836541 0.18450821],[ 0.10613148 -0.1431213   0.02545259],[-0.03042065 -0.13327391  0.06197675],"[[0.07584599]
 [0.99707252]
 [0.00968385]]",[2.11910547]
84,"[[ 13.45171135   6.39045809  -3.05224313]
 [  6.39045809  40.1309054  -13.43602624]
 [ -3.05224313 -13.43602624  18.41738325]]",,[0.45483841 0.34647186 0.18484073],[ 0.10378358 -0.14276908  0.02447611],[-0.03005228 -0.13229066  0.06318534],"[[0.07600166]
 [0.99707113]
 [0.00853836]]",[2.0746791]
85,"[[ 13.36894766   6.18738085  -3.02066489]
 [  6.18738085  39.96577459 -13.6528259 ]
 [ -3.02066489 -13.6528259   18.66527775]]",,[0.45604184 0.34476006 0.18511688],[ 0.09601518 -0.14038501  0.02149656],[-0.02913322 -0.13167654  0.06428418],"[[0.07342442]
 [0.99724822]
 [0.01023912]]",[2.03835263]
86,"[[ 13.34890094   6.12400239  -3.03932473]
 [  6.12400239  39.80293508 -13.79851653]
 [ -3.03932473 -13.79851653  18.84816398]]",,[0.45680838 0.34363862 0.18529494],[ 0.09902258 -0.14263115  0.02335934],[-0.02887918 -0.13111129  0.06507015],"[[0.07319047]
 [0.99727259]
 [0.00951472]]",[2.01401516]
87,"[[ 13.31926713   6.03010809  -3.06446525]
 [  6.03010809  39.56242676 -14.00706218]
 [ -3.06446525 -14.00706218  19.11830611]]",,[0.45790151 0.34203184 0.18554517],[ 0.10259943 -0.14911366  0.02381859],[-0.02850142 -0.13027433  0.06620464],"[[0.07316885]
 [0.99727715]
 [0.00919766]]",[1.97658148]
88,"[[ 13.27782542   5.89832347  -3.09494065]
 [  5.89832347  39.22611333 -14.2859586 ]
 [ -3.09494065 -14.2859586   19.49606125]]",,[0.45913201 0.34017321 0.1857972 ],[ 0.10082544 -0.15664185  0.01962723],[-0.02796255 -0.12907253  0.06772633],"[[0.07322303]
 [0.99727505]
 [0.00899215]]",[1.93157124]
89,"[[ 13.24365887   5.78941245  -3.11572393]
 [  5.78941245  38.95055468 -14.5041468 ]
 [ -3.11572393 -14.5041468   19.80578645]]",,[0.46004522 0.3387505  0.18597894],[ 0.09982048 -0.15832628  0.01845023],[-0.0275203  -0.128111    0.06894629],"[[0.07314814]
 [0.99727903]
 [0.00915848]]",[1.89661786]
90,"[[ 13.22150286   5.71833551  -3.12772647]
 [  5.71833551  38.76977841 -14.64211821]
 [ -3.12772647 -14.64211821  20.00871872]]",,[0.46080128 0.33753586 0.1861379 ],[ 0.09311476 -0.14919163  0.01933117],[-0.02724391 -0.12753947  0.06975956],"[[0.07305845]
 [0.99728283]
 [0.00945602]]",[1.86716011]
91,"[[ 13.18917153   5.61424487  -3.14265822]
 [  5.61424487  38.50563413 -14.83692834]
 [ -3.14265822 -14.83692834  20.30519434]]",,[0.46191686 0.33568052 0.18639041],[ 0.083979   -0.14009725  0.0191972 ],[-0.02684322 -0.12673057  0.07093935],"[[0.0732372 ]
 [0.99727023]
 [0.00940244]]",[1.82320047]
92,"[[ 13.16367561   5.53181878  -3.15232644]
 [  5.53181878  38.29686383 -14.98536058]
 [ -3.15232644 -14.98536058  20.53946056]]",,[0.46257883 0.33455273 0.18653524],[ 0.08692272 -0.14462281  0.02061667],[-0.02652022 -0.12607042  0.07184167],"[[0.0732372 ]
 [0.99727023]
 [0.00940244]]",[1.79632863]
93,"[[ 13.13349761   5.4336003   -3.16181669]
 [  5.4336003   38.04682363 -15.15666907]
 [ -3.16181669 -15.15666907  20.81967877]]",,[0.46335258 0.33324491 0.18669821],[ 0.08712105 -0.14439928  0.01910923],[-0.02613393 -0.12527715  0.07289888],"[[0.07304491]
 [0.99728626]
 [0.00919531]]",[1.76528429]
94,"[[ 13.09005484   5.29192514  -3.17006041]
 [  5.29192514  37.69088328 -15.38979671]
 [ -3.17006041 -15.38979671  21.21906188]]",,[0.46442829 0.33145934 0.1869379 ],[ 0.09167274 -0.14960615  0.02149462],[-0.02558003 -0.12418423  0.07439098],"[[0.07321727]
 [0.99727557]
 [0.00898107]]",[1.72334786]
95,"[[ 13.05501102   5.17827549  -3.17061689]
 [  5.17827549  37.41635727 -15.56223338]
 [ -3.17061689 -15.56223338  21.52863171]]",,[0.46527385 0.3301205  0.18713646],[ 0.09410462 -0.14832601  0.02295115],[-0.02513654 -0.12337685  0.07554266],"[[0.07314023]
 [0.99727888]
 [0.00923803]]",[1.6920132]
96,"[[ 13.01161236   5.03625194  -3.16715202]
 [  5.03625194  37.07268049 -15.76747783]
 [ -3.16715202 -15.76747783  21.91570714]]",,[0.46627681 0.32857067 0.18737382],[ 0.09266247 -0.1401439   0.02230076],[-0.02458104 -0.12237524  0.07695822],"[[0.07304328]
 [0.99728356]
 [0.0094968 ]]",[1.65536595]
97,"[[ 12.96061078   4.86824914  -3.15584622]
 [  4.86824914  36.67164655 -15.99341373]
 [ -3.15584622 -15.99341373  22.36774267]]",,[0.4673617  0.32696579 0.18763636],[ 0.09055659 -0.1292696   0.02335616],[-0.02391606 -0.12120346  0.07857023],"[[0.07310824]
 [0.99727822]
 [0.00955757]]",[1.61711872]
98,"[[ 12.9203975    4.73575509  -3.1400322 ]
 [  4.73575509  36.36705472 -16.15652308]
 [ -3.1400322  -16.15652308  22.71254778]]",,[0.46831809 0.32563649 0.18787313],[ 0.09657966 -0.13066799  0.02403093],[-0.02338783 -0.12033828  0.07979004],"[[0.07311793]
 [0.99728089]
 [0.00919807]]",[1.58500587]
99,"[[ 12.88358076   4.61400634  -3.12075921]
 [  4.61400634  36.09406738 -16.29641949]
 [ -3.12075921 -16.29641949  23.02235185]]",,[0.46921529 0.32443917 0.18808105],[ 0.09965546 -0.1356684   0.02241484],[-0.02290106 -0.11958796  0.08088529],"[[0.07301573]
 [0.9972885 ]
 [0.00918451]]",[1.55662908]
100,"[[ 12.83624682   4.45586559  -3.09044312]
 [  4.45586559  35.74267694 -16.46714679]
 [ -3.09044312 -16.46714679  23.42107624]]",,[0.47033756 0.32299731 0.1883455 ],[ 0.10329091 -0.13024508  0.02576805],[-0.02226674 -0.1186463   0.08228921],"[[0.07302814]
 [0.99728305]
 [0.00966475]]",[1.52365357]
101,"[[ 12.79328365   4.30991278  -3.05835976]
 [  4.30991278  35.41577072 -16.61607894]
 [ -3.05835976 -16.61607894  23.79094562]]",,[0.47135092 0.32172579 0.1885862 ],[ 0.10012827 -0.12742617  0.0235193 ],[-0.02167794 -0.11777633  0.08357533],"[[0.07289622]
 [0.99728979]
 [0.00996117]]",[1.49427616]
102,"[[ 12.74803166   4.15378076  -3.01922072]
 [  4.15378076  35.06572774 -16.76557508]
 [ -3.01922072 -16.76557508  24.1862406 ]]",,[0.47236891 0.32044338 0.18882515],[ 0.10207973 -0.1307372   0.02186764],[-0.02104027 -0.11683553  0.08492317],"[[0.07304609]
 [0.99728023]
 [0.00981942]]",[1.46431808]
103,"[[ 12.75161633   4.12376249  -3.08023435]
 [  4.12376249  34.62512989 -16.89978569]
 [ -3.08023435 -16.89978569  24.62325378]]",,[0.47363587 0.31881037 0.1891122 ],[ 0.10730577 -0.1397509   0.02377953],[-0.02116481 -0.1161213   0.08673652],"[[0.06257453]
 [0.99787577]
 [0.01812102]]",[1.42412983]
104,"[[ 12.68248919   3.88400612  -3.00305109]
 [  3.88400612  34.10365191 -17.09018834]
 [ -3.00305109 -17.09018834  25.2138589 ]]",,[0.4747181  0.31738498 0.18934597],[ 0.10587992 -0.14215197  0.02210107],[-0.02011178 -0.11445495  0.08849472],"[[0.0671433 ]
 [0.99768223]
 [0.0110426 ]]",[1.39030278]
105,"[[ 12.66964337   3.81985206  -3.01122392]
 [  3.81985206  33.78961267 -17.17694868]
 [ -3.01122392 -17.17694868  25.54074396]]",,[0.47577883 0.31598237 0.18958073],[ 0.10503914 -0.13860343  0.02331772],[-0.01999162 -0.11403836  0.08989747],"[[0.06255078]
 [0.99787678]
 [0.01814735]]",[1.36149285]
106,"[[ 12.49560893   3.19561434  -2.71741459]
 [  3.19561434  32.60485701 -17.52149448]
 [ -2.71741459 -17.52149448  26.89953407]]",,[0.47689224 0.31451692 0.18982381],[ 0.09881623 -0.1292593   0.02182714],[-0.01711384 -0.11034756  0.09383487],"[[0.07317025]
 [0.99726917]
 [0.01001586]]",[1.32913838]
107,"[[ 12.42219821   2.9100659   -2.55976577]
 [  2.9100659   32.05807533 -17.64357794]
 [ -2.55976577 -17.64357794  27.51972646]]",,[0.47776655 0.31337438 0.19001345],[ 0.09496107 -0.12695051  0.01919936],[-0.01579663 -0.1088807   0.09577415],"[[0.07294842]
 [0.99728348]
 [0.01020753]]",[1.29807497]
108,"[[ 12.39643765   2.81225678  -2.49114518]
 [  2.81225678  31.94963963 -17.67173215]
 [ -2.49114518 -17.67173215  27.65392273]]",,[0.47874793 0.31207465 0.19022855],[ 0.09864014 -0.13028626  0.02319818],[-0.01532985 -0.10874721  0.09633014],"[[0.07293528]
 [0.99728372]
 [0.01027745]]",[1.26534328]
109,"[[ 12.38350316   2.7621064   -2.45556658]
 [  2.7621064   31.89353051 -17.68573749]
 [ -2.45556658 -17.68573749  27.72296633]]",,[0.47976681 0.31070269 0.19044748],[ 0.1023785  -0.1390932   0.02177626],[-0.01510516 -0.10879193  0.09671815],"[[0.07307206]
 [0.99727621]
 [0.01003139]]",[1.2327798]
110,"[[ 12.1998159    1.87950405  -1.90286901]
 [  1.87950405  29.67895096 -17.89872599]
 [ -1.90286901 -17.89872599  30.12123314]]",,[0.48081467 0.30926975 0.19066911],[ 0.10256057 -0.14007818  0.0231871 ],[-0.0109879  -0.10335416  0.104639  ],"[[0.07877503]
 [0.99665541]
 [0.021737  ]]",[1.21799494]
111,"[[ 12.15052878   1.5941982   -1.68964766]
 [  1.5941982   28.88360136 -17.89447362]
 [ -1.68964766 -17.89447362  30.96586986]]",,[0.48185359 0.30784474 0.1908939 ],[ 0.10128595 -0.13910593  0.02296779],[-0.00958022 -0.10146084  0.10753561],"[[0.07863112]
 [0.99671024]
 [0.01964314]]",[1.17237026]
112,"[[ 12.22751549   2.02252927  -2.01200643]
 [  2.02252927  29.97954313 -17.88599891]
 [ -2.01200643 -17.88599891  29.79294137]]",,[0.48296381 0.30634004 0.19116842],[ 0.10152692 -0.13733651  0.0248801 ],[-0.01174007 -0.10436494  0.10382195],"[[0.0727447]
 [0.9972963]
 [0.0104064]]",[1.11773439]
113,"[[ 12.20529678   1.90442533  -1.92917121]
 [  1.90442533  29.6663063  -17.89586021]
 [ -1.92917121 -17.89586021  30.12839692]]",,[0.4838671  0.30511857 0.19139477],[ 0.09781772 -0.13515898  0.02334919],[-0.01116045 -0.10352931  0.10487456],"[[0.07250899]
 [0.99731561]
 [0.01019915]]",[1.09879921]
114,"[[ 12.16474705   1.67781783  -1.75746399]
 [  1.67781783  29.08724131 -17.8983742 ]
 [ -1.75746399 -17.8983742   30.74801164]]",,[0.48486841 0.30375699 0.19164322],[ 0.10215462 -0.13657329  0.02727518],[-0.01003016 -0.10214923  0.10699826],"[[0.07250899]
 [0.99731561]
 [0.01019915]]",[1.06672951]
115,"[[ 12.13400092   1.49141717  -1.60678299]
 [  1.49141717  28.59932797 -17.88333841]
 [ -1.60678299 -17.88333841  31.26667111]]",,[0.48589315 0.30235032 0.19189446],[ 0.1037536  -0.13983833  0.0268665 ],[-0.00906316 -0.10087206  0.10867484],"[[0.07216112]
 [0.99734833]
 [0.00943803]]",[1.04000049]
116,"[[ 12.1012874    1.27368222  -1.41909156]
 [  1.27368222  28.01646797 -17.84498065]
 [ -1.41909156 -17.84498065  31.88224464]]",,[0.48693614 0.30091962 0.1921559 ],[ 0.10156319 -0.13949668  0.02550474],[-0.00790889 -0.09945374  0.11080783],"[[0.07128299]
 [0.99740892]
 [0.00970513]]",[1.00863131]
117,"[[ 12.07134956   1.04499016  -1.21304946]
 [  1.04499016  27.30499157 -17.76639877]
 [ -1.21304946 -17.76639877  32.62365887]]",,[0.48798497 0.29948633 0.19240782],[ 0.10375945 -0.14313992  0.02528633],[-0.00667241 -0.0977245   0.11344093],"[[0.06842409]
 [0.99760368]
 [0.01024858]]",[0.97195855]
118,"[[ 12.02876412   0.6394665   -0.79105212]
 [  0.6394665   26.21623327 -17.58619322]
 [ -0.79105212 -17.58619322  33.75500261]]",,[0.48953117 0.2973864  0.1927824 ],[ 0.1021261  -0.13975098  0.0248971 ],[-0.00426903 -0.09490648  0.11740407],"[[0.06713811]
 [0.99771002]
 [0.00819696]]",[0.91968881]
119,"[[ 12.01006933   0.36509623  -0.47864319]
 [  0.36509623  25.23774585 -17.35475843]
 [ -0.47864319 -17.35475843  34.75218482]]",,[0.49026444 0.29639439 0.19296283],[ 0.10561998 -0.14337032  0.02625212],[-0.00254995 -0.09245674  0.12121131],"[[0.06630839]
 [0.99773018]
 [0.01173412]]",[0.89858859]
120,"[[ 1.20000024e+01  5.34338734e-03 -7.55625766e-03]
 [ 5.34338734e-03  2.40009164e+01 -1.69708859e+01]
 [-7.55625766e-03 -1.69708859e+01  3.59990812e+01]]",,[0.49110374 0.29524783 0.19316915],[ 0.10718204 -0.14792725  0.02665432],[-3.96521013e-05 -8.90561595e-02  1.25937209e-01],"[[0.06642245]
 [0.99772632]
 [0.01141305]]",[0.8679863]
121,"[[ 12.00120044  -0.11790657   0.1712086 ]
 [ -0.11790657  23.58073463 -16.81603788]
 [  0.1712086  -16.81603788  36.41806493]]",,[0.49216949 0.29379235 0.19344178],[ 0.10560508 -0.14492603  0.02655043],[ 0.00089683 -0.0880866   0.12790791],"[[0.06643022]
 [0.99772789]
 [0.01122847]]",[0.83115749]
122,"[[ 12.00193283  -0.1493005    0.21745678]
 [ -0.1493005   23.53265195 -16.79735451]
 [  0.21745678 -16.79735451  36.46541522]]",,[0.49323265 0.29235057 0.19372337],[ 0.10331515 -0.14232344  0.02681945],[ 0.00114217 -0.0882261   0.12850167],"[[0.06641986]
 [0.9977282 ]
 [0.01126249]]",[0.79676927]
123,"[[ 12.00838604  -0.30453532   0.45725852]
 [ -0.30453532  23.05906497 -16.60514014]
 [  0.45725852 -16.60514014  36.93254899]]",,[0.49415735 0.29112    0.19398403],[ 0.10102484 -0.13250999  0.0301265 ],[ 0.00239547 -0.0869904   0.13061572],"[[0.06635008]
 [0.9977326 ]
 [0.01128412]]",[0.76872756]
124,"[[ 12.02676747  -0.52604597   0.82836459]
 [ -0.52604597  22.33808617 -16.27938427]
 [  0.82836459 -16.27938427  37.63514636]]",,[0.4952693  0.2896872  0.19432458],[ 0.09945011 -0.12630239  0.03134607],[ 0.00432357 -0.08496862  0.13380008],"[[0.06635461]
 [0.99773615]
 [0.01093848]]",[0.73568551]
125,"[[ 12.05329977  -0.71813301   1.18331561]
 [ -0.71813301  21.67574575 -15.94337092]
 [  1.18331561 -15.94337092  38.27095448]]",,[0.4963051  0.28837738 0.19466644],[ 0.10222541 -0.1317001   0.0324616 ],[ 0.0061656  -0.08307205  0.13688335],"[[0.06631409]
 [0.9977397 ]
 [0.01085965]]",[0.70527707]
126,"[[ 12.09538747  -0.9222675    1.60445409]
 [ -0.9222675   20.91707588 -15.51289503]
 [  1.60445409 -15.51289503  38.98753664]]",,[0.49741162 0.28696221 0.1950283 ],[ 0.11269568 -0.14565587  0.03775673],[ 0.00835702 -0.08080102  0.14056824],"[[0.06633933]
 [0.99773871]
 [0.01079634]]",[0.67178232]
127,"[[ 12.14955864  -1.10594804   2.0343604 ]
 [ -1.10594804  20.17820398 -15.04357677]
 [  2.0343604  -15.04357677  39.67223737]]",,[0.49856924 0.28549345 0.19541689],[ 0.11524926 -0.14458259  0.03881617],[ 0.01061773 -0.07851539  0.14442686],"[[0.06970567]
 [0.99750952]
 [0.01076466]]",[0.63676309]
128,"[[ 12.59683128  -1.71374396   4.26530188]
 [ -1.71374396  16.92085193 -12.24740656]
 [  4.26530188 -12.24740656  42.48231679]]",,[0.49982805 0.2839393  0.19585256],[ 0.11745698 -0.14066275  0.0430482 ],[ 0.02288034 -0.06569872  0.16351617],"[[0.07628353]
 [0.99691276]
 [0.01859502]]",[0.61180698]
129,"[[ 12.70730861  -1.76963438   4.67238897]
 [ -1.76963438  16.42749568 -11.68997522]
 [  4.67238897 -11.68997522  42.86519571]]",,[0.50086076 0.28271004 0.19623642],[ 0.11472532 -0.13464864  0.04404729],[ 0.02536787 -0.06346857  0.16757689],"[[0.08278013]
 [0.99639239]
 [0.01869917]]",[0.5834103]
130,"[[ 12.41321743  -1.57698421   3.49545413]
 [ -1.57698421  18.01833086 -13.33989226]
 [  3.49545413 -13.33989226  41.56845171]]",,[0.5020409  0.28136284 0.19671474],[ 0.12055166 -0.13742842  0.04854828],[ 0.01865127 -0.07117986  0.15777325],"[[0.09256374]
 [0.99564306]
 [0.01126291]]",[0.53303715]
131,"[[ 12.52361442  -1.66580008   3.97505434]
 [ -1.66580008  17.29949103 -12.64603424]
 [  3.97505434 -12.64603424  42.17689455]]",,[0.50326925 0.28001021 0.19723283],[ 0.12453052 -0.13489053  0.05274486],[ 0.0213655  -0.0679711   0.16219762],"[[0.10078005]
 [0.9949003 ]
 [0.00409484]]",[0.49102788]
132,"[[ 12.63157962  -1.76028552   4.38627045]
 [ -1.76028552  16.90611951 -12.22504351]
 [  4.38627045 -12.22504351  42.46230087]]",,[0.50446991 0.27873766 0.19776075],[ 0.11790135 -0.12378135  0.05466196],[ 0.02374519 -0.06618061  0.16490849],"[[ 0.10418953]
 [ 0.99455696]
 [-0.00099847]]",[0.47628563]
133,"[[ 12.71579844  -1.82165704   4.68379568]
 [ -1.82165704  16.63598995 -11.91993293]
